0	4999
2	4998
3	4997
4	4996
5	4995
6	4994
7	4993
8	4992
10	4991
11	4990
13	4989
14	4988
15	4987
17	4986
18	4985
19	4984
20	4983
21	4982
22	4981
23	4980
24	4979
25	4978
26	4977
27	4976
29	4975
30	4974
31	4973
32	4972
33	4971
35	4970
36	4969
37	4968
38	4967
39	4966
40	4965
42	4964
43	4963
44	4962
45	4961
46	4960
47	4959
48	4958
49	4957
50	4956
51	4955
52	4954
53	4953
55	4952
56	4951
57	4950
58	4949
59	4948
60	4947
61	4946
62	4945
63	4944
64	4943
66	4942
67	4941
68	4940
69	4939
70	4938
71	4937
72	4936
73	4935
74	4934
75	4933
78	4932
79	4931
80	4930
81	4929
82	4928
84	4927
85	4926
86	4925
87	4924
88	4923
92	4922
93	4921
94	4920
95	4919
96	4918
97	4917
98	4916
99	4915
100	4914
101	4913
102	4912
104	4911
105	4910
106	4909
107	4908
108	4907
109	4906
110	4905
111	4904
112	4903
113	4902
114	4901
117	4900
118	4899
119	4898
120	4897
121	4896
123	4895
124	4894
125	4893
126	4892
127	4891
128	4890
129	4889
130	4888
131	4887
132	4886
133	4885
134	4884
135	4883
136	4882
138	4881
139	4880
140	4879
141	4878
143	4877
144	4876
145	4875
147	4874
148	4873
149	4872
150	4871
151	4870
152	4869
153	4868
154	4867
155	4866
156	4865
157	4864
158	4863
159	4862
160	4861
161	4860
162	4859
164	4858
165	4857
166	4856
167	4855
168	4854
169	4853
170	4852
172	4851
177	4850
178	4849
181	4848
182	4847
183	4846
184	4845
185	4844
186	4843
188	4842
189	4841
190	4840
191	4839
193	4838
194	4837
195	4836
196	4835
197	4834
200	4833
202	4832
203	4831
204	4830
205	4829
206	4828
207	4827
208	4826
209	4825
210	4824
211	4823
212	4822
213	4821
214	4820
215	4819
216	4818
217	4817
218	4816
219	4815
220	4814
221	4813
222	4812
223	4811
224	4810
225	4809
226	4808
227	4807
228	4806
229	4805
230	4804
231	4803
232	4802
233	4801
234	4800
235	4799
237	4798
238	4797
239	4796
240	4795
241	4794
242	4793
243	4792
244	4791
246	4790
248	4789
249	4788
250	4787
251	4786
252	4785
254	4784
255	4783
257	4782
258	4781
259	4780
260	4779
261	4778
262	4777
263	4776
264	4775
265	4774
266	4773
267	4772
268	4771
269	4770
271	4769
273	4768
274	4767
275	4766
276	4765
277	4764
278	4763
279	4762
280	4761
281	4760
282	4759
283	4758
284	4757
285	4756
286	4755
287	4754
288	4753
289	4752
290	4751
292	4750
293	4749
294	4748
295	4747
296	4746
297	4745
298	4744
301	4743
302	4742
303	4741
305	4740
306	4739
307	4738
308	4737
309	4736
310	4735
311	4734
312	4733
314	4732
315	4731
316	4730
317	4729
318	4728
321	4727
322	4726
323	4725
324	4724
325	4723
326	4722
327	4721
328	4720
330	4719
331	4718
332	4717
334	4716
335	4715
336	4714
337	4713
338	4712
339	4711
340	4710
341	4709
342	4708
344	4707
345	4706
346	4705
347	4704
348	4703
349	4702
351	4701
352	4700
354	4699
355	4698
356	4697
357	4696
358	4695
359	4694
360	4693
363	4692
364	4691
365	4690
366	4689
368	4688
369	4687
370	4686
371	4685
372	4684
373	4683
374	4682
376	4681
377	4680
378	4679
379	4678
380	4677
381	4676
383	4675
384	4674
385	4673
386	4672
387	4671
388	4670
389	4669
391	4668
392	4667
393	4666
394	4665
395	4664
397	4663
398	4662
399	4661
400	4660
401	4659
402	4658
403	4657
404	4656
405	4655
406	4654
408	4653
411	4652
412	4651
413	4650
415	4649
416	4648
417	4647
418	4646
419	4645
420	4644
421	4643
422	4642
423	4641
424	4640
425	4639
427	4638
428	4637
430	4636
431	4635
432	4634
436	4633
437	4632
438	4631
440	4630
441	4629
442	4628
443	4627
444	4626
445	4625
446	4624
447	4623
448	4622
449	4621
450	4620
451	4619
453	4618
455	4617
456	4616
457	4615
458	4614
459	4613
460	4612
461	4611
462	4610
463	4609
464	4608
465	4607
466	4606
467	4605
469	4604
470	4603
471	4602
473	4601
474	4600
475	4599
476	4598
478	4597
479	4596
481	4595
483	4594
484	4593
485	4592
487	4591
488	4590
489	4589
490	4588
491	4587
492	4586
493	4585
494	4584
495	4583
496	4582
498	4581
499	4580
500	4579
501	4578
503	4577
504	4576
506	4575
508	4574
509	4573
510	4572
511	4571
512	4570
513	4569
514	4568
515	4567
516	4566
518	4565
520	4564
521	4563
522	4562
523	4561
524	4560
525	4559
526	4558
529	4557
531	4556
536	4555
537	4554
538	4553
539	4552
540	4551
541	4550
542	4549
543	4548
544	4547
546	4546
548	4545
550	4544
552	4543
553	4542
555	4541
557	4540
558	4539
559	4538
561	4537
562	4536
563	4535
564	4534
565	4533
566	4532
567	4531
569	4530
570	4529
571	4528
572	4527
573	4526
578	4525
579	4524
580	4523
581	4522
582	4521
583	4520
584	4519
585	4518
586	4517
587	4516
592	4515
593	4514
594	4513
595	4512
596	4511
597	4510
598	4509
599	4508
600	4507
601	4506
602	4505
603	4504
604	4503
605	4502
606	4501
607	4500
608	4499
609	4498
611	4497
613	4496
614	4495
615	4494
616	4493
617	4492
618	4491
619	4490
621	4489
622	4488
623	4487
624	4486
625	4485
627	4484
628	4483
629	4482
630	4481
631	4480
633	4479
634	4478
635	4477
636	4476
637	4475
638	4474
639	4473
640	4472
641	4471
642	4470
643	4469
644	4468
645	4467
646	4466
647	4465
648	4464
649	4463
650	4462
651	4461
652	4460
653	4459
654	4458
655	4457
656	4456
657	4455
658	4454
660	4453
662	4452
663	4451
664	4450
665	4449
666	4448
668	4447
669	4446
670	4445
671	4444
672	4443
674	4442
675	4441
676	4440
677	4439
678	4438
679	4437
680	4436
681	4435
682	4434
683	4433
684	4432
685	4431
686	4430
688	4429
689	4428
690	4427
691	4426
692	4425
693	4424
694	4423
697	4422
699	4421
701	4420
703	4419
705	4418
706	4417
707	4416
709	4415
710	4414
711	4413
712	4412
713	4411
715	4410
716	4409
717	4408
719	4407
720	4406
721	4405
723	4404
725	4403
726	4402
728	4401
730	4400
731	4399
733	4398
734	4397
735	4396
736	4395
738	4394
739	4393
740	4392
741	4391
742	4390
743	4389
744	4388
745	4387
746	4386
747	4385
748	4384
749	4383
751	4382
752	4381
753	4380
754	4379
755	4378
756	4377
757	4376
759	4375
760	4374
761	4373
762	4372
763	4371
764	4370
765	4369
766	4368
767	4367
768	4366
769	4365
771	4364
772	4363
773	4362
774	4361
775	4360
777	4359
779	4358
780	4357
781	4356
782	4355
784	4354
785	4353
786	4352
787	4351
788	4350
789	4349
791	4348
792	4347
793	4346
794	4345
795	4344
796	4343
797	4342
798	4341
799	4340
800	4339
801	4338
802	4337
803	4336
804	4335
805	4334
806	4333
807	4332
808	4331
809	4330
810	4329
811	4328
812	4327
813	4326
814	4325
815	4324
816	4323
817	4322
818	4321
820	4320
821	4319
822	4318
823	4317
824	4316
825	4315
826	4314
828	4313
829	4312
830	4311
831	4310
834	4309
835	4308
837	4307
839	4306
840	4305
841	4304
842	4303
844	4302
845	4301
846	4300
847	4299
848	4298
849	4297
850	4296
851	4295
852	4294
853	4293
854	4292
855	4291
856	4290
857	4289
858	4288
860	4287
861	4286
862	4285
863	4284
864	4283
865	4282
866	4281
867	4280
868	4279
870	4278
871	4277
874	4276
875	4275
876	4274
877	4273
878	4272
879	4271
881	4270
882	4269
883	4268
884	4267
885	4266
886	4265
887	4264
888	4263
889	4262
890	4261
891	4260
892	4259
894	4258
896	4257
897	4256
898	4255
899	4254
901	4253
902	4252
903	4251
904	4250
906	4249
907	4248
908	4247
909	4246
910	4245
911	4244
912	4243
913	4242
914	4241
915	4240
916	4239
917	4238
918	4237
920	4236
921	4235
923	4234
924	4233
926	4232
927	4231
928	4230
929	4229
930	4228
931	4227
932	4226
933	4225
934	4224
935	4223
939	4222
941	4221
942	4220
943	4219
944	4218
945	4217
947	4216
948	4215
949	4214
950	4213
951	4212
952	4211
953	4210
954	4209
955	4208
956	4207
957	4206
958	4205
959	4204
960	4203
961	4202
962	4201
963	4200
965	4199
966	4198
968	4197
969	4196
970	4195
972	4194
973	4193
974	4192
975	4191
976	4190
977	4189
978	4188
979	4187
980	4186
981	4185
982	4184
983	4183
984	4182
985	4181
986	4180
987	4179
988	4178
989	4177
990	4176
991	4175
992	4174
993	4173
995	4172
996	4171
997	4170
998	4169
999	4168
1000	4167
1001	4166
1002	4165
1003	4164
1006	4163
1008	4162
1009	4161
1012	4160
1013	4159
1015	4158
1017	4157
1018	4156
1020	4155
1021	4154
1022	4153
1025	4152
1026	4151
1028	4150
1029	4149
1030	4148
1031	4147
1032	4146
1033	4145
1034	4144
1035	4143
1036	4142
1038	4141
1040	4140
1041	4139
1043	4138
1044	4137
1045	4136
1046	4135
1047	4134
1048	4133
1049	4132
1051	4131
1052	4130
1053	4129
1054	4128
1055	4127
1057	4126
1058	4125
1059	4124
1060	4123
1061	4122
1062	4121
1063	4120
1064	4119
1065	4118
1066	4117
1067	4116
1068	4115
1069	4114
1071	4113
1072	4112
1073	4111
1074	4110
1075	4109
1076	4108
1077	4107
1078	4106
1079	4105
1080	4104
1081	4103
1082	4102
1083	4101
1084	4100
1085	4099
1086	4098
1087	4097
1088	4096
1089	4095
1090	4094
1091	4093
1092	4092
1093	4091
1095	4090
1096	4089
1097	4088
1098	4087
1099	4086
1100	4085
1101	4084
1102	4083
1103	4082
1104	4081
1105	4080
1106	4079
1107	4078
1108	4077
1109	4076
1110	4075
1111	4074
1112	4073
1113	4072
1114	4071
1115	4070
1116	4069
1117	4068
1119	4067
1120	4066
1121	4065
1122	4064
1123	4063
1124	4062
1125	4061
1126	4060
1127	4059
1128	4058
1130	4057
1131	4056
1132	4055
1134	4054
1135	4053
1136	4052
1137	4051
1138	4050
1139	4049
1140	4048
1141	4047
1142	4046
1143	4045
1145	4044
1146	4043
1147	4042
1148	4041
1149	4040
1150	4039
1151	4038
1152	4037
1153	4036
1154	4035
1155	4034
1156	4033
1157	4032
1158	4031
1159	4030
1160	4029
1161	4028
1162	4027
1163	4026
1164	4025
1166	4024
1167	4023
1168	4022
1169	4021
1170	4020
1171	4019
1172	4018
1174	4017
1175	4016
1176	4015
1177	4014
1178	4013
1179	4012
1180	4011
1181	4010
1183	4009
1184	4008
1185	4007
1186	4006
1187	4005
1188	4004
1189	4003
1190	4002
1191	4001
1192	4000
1194	3999
1196	3998
1197	3997
1198	3996
1199	3995
1200	3994
1201	3993
1202	3992
1203	3991
1206	3990
1207	3989
1208	3988
1210	3987
1211	3986
1212	3985
1213	3984
1214	3983
1215	3982
1216	3981
1217	3980
1218	3979
1220	3978
1221	3977
1222	3976
1224	3975
1225	3974
1226	3973
1227	3972
1228	3971
1229	3970
1230	3969
1231	3968
1232	3967
1234	3966
1235	3965
1236	3964
1237	3963
1238	3962
1239	3961
1240	3960
1241	3959
1242	3958
1243	3957
1244	3956
1245	3955
1246	3954
1248	3953
1249	3952
1250	3951
1251	3950
1252	3949
1253	3948
1254	3947
1255	3946
1256	3945
1257	3944
1258	3943
1259	3942
1262	3941
1263	3940
1264	3939
1265	3938
1267	3937
1268	3936
1269	3935
1270	3934
1271	3933
1272	3932
1273	3931
1276	3930
1279	3929
1280	3928
1281	3927
1282	3926
1283	3925
1284	3924
1286	3923
1287	3922
1288	3921
1289	3920
1290	3919
1291	3918
1292	3917
1293	3916
1294	3915
1295	3914
1296	3913
1297	3912
1299	3911
1300	3910
1302	3909
1303	3908
1304	3907
1305	3906
1306	3905
1307	3904
1308	3903
1310	3902
1311	3901
1312	3900
1313	3899
1315	3898
1316	3897
1318	3896
1319	3895
1320	3894
1321	3893
1322	3892
1323	3891
1324	3890
1326	3889
1327	3888
1328	3887
1329	3886
1330	3885
1332	3884
1333	3883
1334	3882
1335	3881
1336	3880
1337	3879
1338	3878
1339	3877
1340	3876
1341	3875
1344	3874
1345	3873
1346	3872
1348	3871
1349	3870
1350	3869
1351	3868
1352	3867
1353	3866
1354	3865
1355	3864
1356	3863
1357	3862
1358	3861
1359	3860
1360	3859
1361	3858
1362	3857
1363	3856
1365	3855
1366	3854
1370	3853
1372	3852
1374	3851
1375	3850
1376	3849
1379	3848
1380	3847
1381	3846
1382	3845
1383	3844
1384	3843
1385	3842
1387	3841
1388	3840
1389	3839
1390	3838
1391	3837
1392	3836
1393	3835
1394	3834
1395	3833
1396	3832
1397	3831
1399	3830
1400	3829
1401	3828
1402	3827
1403	3826
1404	3825
1405	3824
1406	3823
1407	3822
1408	3821
1409	3820
1410	3819
1411	3818
1412	3817
1414	3816
1415	3815
1416	3814
1417	3813
1418	3812
1419	3811
1420	3810
1421	3809
1422	3808
1423	3807
1424	3806
1425	3805
1426	3804
1427	3803
1428	3802
1429	3801
1431	3800
1432	3799
1433	3798
1434	3797
1435	3796
1436	3795
1437	3794
1438	3793
1440	3792
1441	3791
1442	3790
1443	3789
1445	3788
1446	3787
1448	3786
1449	3785
1450	3784
1451	3783
1452	3782
1454	3781
1455	3780
1456	3779
1458	3778
1459	3777
1460	3776
1461	3775
1463	3774
1464	3773
1465	3772
1466	3771
1467	3770
1468	3769
1469	3768
1470	3767
1472	3766
1474	3765
1475	3764
1476	3763
1477	3762
1479	3761
1481	3760
1483	3759
1484	3758
1485	3757
1487	3756
1488	3755
1489	3754
1490	3753
1492	3752
1493	3751
1494	3750
1495	3749
1496	3748
1497	3747
1499	3746
1500	3745
1501	3744
1503	3743
1504	3742
1505	3741
1506	3740
1508	3739
1511	3738
1512	3737
1513	3736
1514	3735
1515	3734
1516	3733
1517	3732
1518	3731
1519	3730
1520	3729
1521	3728
1522	3727
1524	3726
1525	3725
1527	3724
1528	3723
1529	3722
1530	3721
1531	3720
1532	3719
1533	3718
1535	3717
1536	3716
1537	3715
1538	3714
1539	3713
1540	3712
1542	3711
1544	3710
1545	3709
1546	3708
1547	3707
1548	3706
1549	3705
1550	3704
1551	3703
1552	3702
1553	3701
1554	3700
1555	3699
1556	3698
1557	3697
1558	3696
1560	3695
1561	3694
1564	3693
1565	3692
1566	3691
1567	3690
1568	3689
1569	3688
1570	3687
1571	3686
1572	3685
1573	3684
1574	3683
1575	3682
1576	3681
1577	3680
1579	3679
1580	3678
1581	3677
1582	3676
1583	3675
1584	3674
1587	3673
1589	3672
1590	3671
1591	3670
1592	3669
1593	3668
1595	3667
1596	3666
1598	3665
1599	3664
1600	3663
1601	3662
1602	3661
1603	3660
1604	3659
1605	3658
1606	3657
1607	3656
1609	3655
1611	3654
1612	3653
1613	3652
1614	3651
1615	3650
1616	3649
1617	3648
1619	3647
1620	3646
1621	3645
1622	3644
1623	3643
1624	3642
1626	3641
1627	3640
1628	3639
1629	3638
1630	3637
1631	3636
1632	3635
1633	3634
1634	3633
1635	3632
1636	3631
1637	3630
1638	3629
1640	3628
1641	3627
1642	3626
1645	3625
1648	3624
1649	3623
1650	3622
1651	3621
1652	3620
1653	3619
1654	3618
1655	3617
1656	3616
1657	3615
1658	3614
1659	3613
1660	3612
1661	3611
1663	3610
1666	3609
1667	3608
1668	3607
1669	3606
1670	3605
1671	3604
1672	3603
1673	3602
1674	3601
1675	3600
1676	3599
1678	3598
1679	3597
1680	3596
1681	3595
1682	3594
1684	3593
1685	3592
1687	3591
1688	3590
1690	3589
1691	3588
1692	3587
1693	3586
1694	3585
1695	3584
1696	3583
1698	3582
1699	3581
1700	3580
1701	3579
1703	3578
1704	3577
1705	3576
1706	3575
1707	3574
1709	3573
1710	3572
1711	3571
1712	3570
1713	3569
1715	3568
1716	3567
1717	3566
1718	3565
1719	3564
1720	3563
1722	3562
1723	3561
1725	3560
1726	3559
1727	3558
1728	3557
1729	3556
1731	3555
1732	3554
1733	3553
1734	3552
1735	3551
1736	3550
1737	3549
1738	3548
1739	3547
1740	3546
1741	3545
1742	3544
1743	3543
1744	3542
1745	3541
1747	3540
1749	3539
1750	3538
1751	3537
1752	3536
1753	3535
1754	3534
1755	3533
1756	3532
1757	3531
1758	3530
1759	3529
1760	3528
1761	3527
1762	3526
1765	3525
1766	3524
1767	3523
1769	3522
1770	3521
1771	3520
1772	3519
1774	3518
1777	3517
1778	3516
1779	3515
1781	3514
1782	3513
1783	3512
1784	3511
1785	3510
1786	3509
1789	3508
1790	3507
1791	3506
1792	3505
1793	3504
1794	3503
1795	3502
1796	3501
1797	3500
1798	3499
1799	3498
1800	3497
1801	3496
1802	3495
1803	3494
1804	3493
1805	3492
1806	3491
1807	3490
1808	3489
1809	3488
1810	3487
1812	3486
1813	3485
1814	3484
1816	3483
1817	3482
1818	3481
1819	3480
1820	3479
1821	3478
1822	3477
1823	3476
1824	3475
1825	3474
1826	3473
1827	3472
1828	3471
1829	3470
1830	3469
1831	3468
1832	3467
1833	3466
1834	3465
1835	3464
1836	3463
1837	3462
1838	3461
1839	3460
1840	3459
1841	3458
1842	3457
1843	3456
1844	3455
1845	3454
1846	3453
1847	3452
1848	3451
1849	3450
1850	3449
1852	3448
1854	3447
1855	3446
1856	3445
1857	3444
1858	3443
1859	3442
1860	3441
1861	3440
1863	3439
1864	3438
1865	3437
1868	3436
1869	3435
1870	3434
1871	3433
1872	3432
1875	3431
1877	3430
1878	3429
1879	3428
1880	3427
1881	3426
1883	3425
1884	3424
1885	3423
1886	3422
1887	3421
1888	3420
1889	3419
1890	3418
1892	3417
1893	3416
1894	3415
1895	3414
1896	3413
1897	3412
1898	3411
1899	3410
1900	3409
1901	3408
1902	3407
1903	3406
1904	3405
1905	3404
1906	3403
1907	3402
1909	3401
1910	3400
1911	3399
1912	3398
1913	3397
1914	3396
1915	3395
1916	3394
1918	3393
1919	3392
1921	3391
1923	3390
1924	3389
1925	3388
1928	3387
1929	3386
1930	3385
1931	3384
1932	3383
1933	3382
1934	3381
1935	3380
1936	3379
1937	3378
1938	3377
1939	3376
1940	3375
1941	3374
1942	3373
1944	3372
1945	3371
1946	3370
1947	3369
1948	3368
1950	3367
1951	3366
1952	3365
1954	3364
1955	3363
1956	3362
1957	3361
1958	3360
1959	3359
1960	3358
1961	3357
1962	3356
1963	3355
1964	3354
1965	3353
1966	3352
1967	3351
1971	3350
1972	3349
1974	3348
1975	3347
1976	3346
1977	3345
1978	3344
1979	3343
1981	3342
1982	3341
1983	3340
1984	3339
1985	3338
1986	3337
1987	3336
1988	3335
1990	3334
1991	3333
1992	3332
1993	3331
1994	3330
1997	3329
1998	3328
1999	3327
2000	3326
2002	3325
2003	3324
2004	3323
2007	3322
2010	3321
2011	3320
2013	3319
2014	3318
2015	3317
2016	3316
2017	3315
2018	3314
2020	3313
2021	3312
2022	3311
2023	3310
2024	3309
2025	3308
2026	3307
2028	3306
2029	3305
2030	3304
2031	3303
2032	3302
2033	3301
2034	3300
2035	3299
2036	3298
2037	3297
2038	3296
2039	3295
2040	3294
2041	3293
2042	3292
2043	3291
2044	3290
2045	3289
2046	3288
2047	3287
2048	3286
2049	3285
2050	3284
2051	3283
2052	3282
2053	3281
2056	3280
2057	3279
2058	3278
2059	3277
2060	3276
2061	3275
2062	3274
2063	3273
2064	3272
2066	3271
2068	3270
2069	3269
2070	3268
2071	3267
2072	3266
2073	3265
2074	3264
2075	3263
2076	3262
2077	3261
2078	3260
2079	3259
2081	3258
2082	3257
2083	3256
2084	3255
2086	3254
2087	3253
2088	3252
2091	3251
2093	3250
2094	3249
2095	3248
2096	3247
2097	3246
2098	3245
2100	3244
2102	3243
2103	3242
2105	3241
2106	3240
2107	3239
2110	3238
2111	3237
2113	3236
2114	3235
2115	3234
2116	3233
2118	3232
2119	3231
2120	3230
2121	3229
2123	3228
2124	3227
2125	3226
2126	3225
2127	3224
2128	3223
2129	3222
2130	3221
2131	3220
2132	3219
2133	3218
2134	3217
2135	3216
2136	3215
2139	3214
2140	3213
2141	3212
2142	3211
2143	3210
2144	3209
2145	3208
2146	3207
2147	3206
2148	3205
2149	3204
2151	3203
2152	3202
2153	3201
2155	3200
2156	3199
2157	3198
2158	3197
2159	3196
2160	3195
2161	3194
2162	3193
2163	3192
2164	3191
2165	3190
2167	3189
2168	3188
2169	3187
2170	3186
2171	3185
2172	3184
2173	3183
2174	3182
2175	3181
2178	3180
2179	3179
2180	3178
2181	3177
2182	3176
2183	3175
2184	3174
2185	3173
2186	3172
2188	3171
2189	3170
2190	3169
2192	3168
2193	3167
2195	3166
2196	3165
2197	3164
2198	3163
2199	3162
2200	3161
2201	3160
2202	3159
2203	3158
2205	3157
2206	3156
2207	3155
2208	3154
2209	3153
2211	3152
2212	3151
2213	3150
2214	3149
2215	3148
2216	3147
2217	3146
2218	3145
2219	3144
2220	3143
2221	3142
2222	3141
2223	3140
2224	3139
2225	3138
2227	3137
2228	3136
2229	3135
2230	3134
2231	3133
2232	3132
2233	3131
2234	3130
2235	3129
2236	3128
2237	3127
2238	3126
2239	3125
2240	3124
2241	3123
2242	3122
2243	3121
2244	3120
2245	3119
2246	3118
2247	3117
2248	3116
2249	3115
2250	3114
2252	3113
2253	3112
2254	3111
2257	3110
2258	3109
2259	3108
2260	3107
2261	3106
2265	3105
2266	3104
2267	3103
2268	3102
2270	3101
2273	3100
2274	3099
2275	3098
2276	3097
2278	3096
2279	3095
2280	3094
2281	3093
2282	3092
2284	3091
2285	3090
2286	3089
2287	3088
2288	3087
2289	3086
2290	3085
2294	3084
2295	3083
2296	3082
2297	3081
2298	3080
2299	3079
2301	3078
2302	3077
2303	3076
2304	3075
2305	3074
2306	3073
2309	3072
2311	3071
2312	3070
2313	3069
2314	3068
2315	3067
2316	3066
2317	3065
2318	3064
2319	3063
2321	3062
2322	3061
2323	3060
2324	3059
2325	3058
2327	3057
2328	3056
2329	3055
2330	3054
2331	3053
2332	3052
2333	3051
2334	3050
2335	3049
2337	3048
2338	3047
2339	3046
2341	3045
2344	3044
2345	3043
2346	3042
2347	3041
2348	3040
2349	3039
2350	3038
2351	3037
2354	3036
2355	3035
2357	3034
2358	3033
2359	3032
2360	3031
2361	3030
2362	3029
2364	3028
2365	3027
2366	3026
2367	3025
2368	3024
2369	3023
2370	3022
2371	3021
2372	3020
2373	3019
2374	3018
2375	3017
2376	3016
2377	3015
2378	3014
2379	3013
2380	3012
2381	3011
2382	3010
2383	3009
2385	3008
2386	3007
2387	3006
2388	3005
2389	3004
2390	3003
2391	3002
2393	3001
2394	3000
2396	2999
2397	2998
2398	2997
2399	2996
2400	2995
2402	2994
2403	2993
2404	2992
2406	2991
2407	2990
2408	2989
2409	2988
2410	2987
2411	2986
2412	2985
2413	2984
2414	2983
2415	2982
2416	2981
2417	2980
2418	2979
2419	2978
2420	2977
2421	2976
2422	2975
2423	2974
2424	2973
2425	2972
2426	2971
2427	2970
2428	2969
2429	2968
2430	2967
2431	2966
2432	2965
2433	2964
2434	2963
2435	2962
2436	2961
2437	2960
2438	2959
2440	2958
2441	2957
2443	2956
2444	2955
2446	2954
2447	2953
2448	2952
2449	2951
2450	2950
2451	2949
2452	2948
2453	2947
2454	2946
2455	2945
2456	2944
2457	2943
2458	2942
2459	2941
2460	2940
2462	2939
2463	2938
2464	2937
2465	2936
2466	2935
2467	2934
2469	2933
2470	2932
2471	2931
2472	2930
2473	2929
2474	2928
2475	2927
2476	2926
2477	2925
2478	2924
2479	2923
2480	2922
2481	2921
2482	2920
2483	2919
2484	2918
2485	2917
2486	2916
2488	2915
2490	2914
2491	2913
2492	2912
2493	2911
2494	2910
2495	2909
2497	2908
2498	2907
2499	2906
2500	2905
2501	2904
2502	2903
2505	2902
2506	2901
2507	2900
2508	2899
2509	2898
2511	2897
2512	2896
2513	2895
2514	2894
2515	2893
2516	2892
2517	2891
2518	2890
2519	2889
2520	2888
2521	2887
2522	2886
2523	2885
2524	2884
2525	2883
2526	2882
2527	2881
2528	2880
2529	2879
2530	2878
2531	2877
2532	2876
2535	2875
2536	2874
2537	2873
2538	2872
2539	2871
2540	2870
2541	2869
2542	2868
2543	2867
2545	2866
2546	2865
2547	2864
2548	2863
2549	2862
2551	2861
2552	2860
2553	2859
2554	2858
2556	2857
2557	2856
2559	2855
2560	2854
2561	2853
2562	2852
2563	2851
2564	2850
2565	2849
2567	2848
2568	2847
2569	2846
2570	2845
2571	2844
2572	2843
2573	2842
2574	2841
2575	2840
2576	2839
2578	2838
2579	2837
2580	2836
2581	2835
2582	2834
2583	2833
2584	2832
2586	2831
2587	2830
2588	2829
2590	2828
2591	2827
2592	2826
2593	2825
2595	2824
2596	2823
2597	2822
2598	2821
2599	2820
2600	2819
2602	2818
2603	2817
2604	2816
2605	2815
2606	2814
2607	2813
2608	2812
2609	2811
2610	2810
2611	2809
2612	2808
2613	2807
2616	2806
2617	2805
2618	2804
2619	2803
2620	2802
2621	2801
2622	2800
2623	2799
2624	2798
2625	2797
2626	2796
2627	2795
2628	2794
2629	2793
2631	2792
2632	2791
2633	2790
2635	2789
2636	2788
2637	2787
2638	2786
2640	2785
2641	2784
2642	2783
2644	2782
2645	2781
2646	2780
2647	2779
2648	2778
2649	2777
2650	2776
2651	2775
2652	2774
2653	2773
2654	2772
2655	2771
2656	2770
2659	2769
2660	2768
2661	2767
2662	2766
2663	2765
2665	2764
2666	2763
2667	2762
2668	2761
2669	2760
2670	2759
2671	2758
2672	2757
2673	2756
2674	2755
2676	2754
2677	2753
2678	2752
2679	2751
2680	2750
2681	2749
2682	2748
2683	2747
2684	2746
2685	2745
2686	2744
2687	2743
2688	2742
2689	2741
2690	2740
2691	2739
2692	2738
2693	2737
2694	2736
2696	2735
2697	2734
2698	2733
2699	2732
2700	2731
2701	2730
2704	2729
2705	2728
2706	2727
2708	2726
2709	2725
2710	2724
2711	2723
2712	2722
2713	2721
2714	2720
2715	2719
2717	2718
2718	2717
2720	2716
2721	2715
2722	2714
2723	2713
2724	2712
2725	2711
2726	2710
2727	2709
2728	2708
2729	2707
2730	2706
2731	2705
2732	2704
2733	2703
2734	2702
2735	2701
2736	2700
2738	2699
2739	2698
2741	2697
2742	2696
2743	2695
2744	2694
2747	2693
2748	2692
2750	2691
2751	2690
2752	2689
2754	2688
2755	2687
2756	2686
2757	2685
2758	2684
2759	2683
2760	2682
2762	2681
2763	2680
2765	2679
2766	2678
2767	2677
2768	2676
2769	2675
2772	2674
2773	2673
2774	2672
2776	2671
2777	2670
2780	2669
2781	2668
2783	2667
2784	2666
2785	2665
2786	2664
2787	2663
2788	2662
2789	2661
2790	2660
2792	2659
2793	2658
2794	2657
2795	2656
2796	2655
2797	2654
2798	2653
2799	2652
2800	2651
2801	2650
2802	2649
2803	2648
2805	2647
2806	2646
2807	2645
2808	2644
2809	2643
2810	2642
2811	2641
2813	2640
2816	2639
2817	2638
2818	2637
2820	2636
2821	2635
2823	2634
2824	2633
2825	2632
2827	2631
2828	2630
2829	2629
2830	2628
2831	2627
2832	2626
2834	2625
2836	2624
2837	2623
2839	2622
2841	2621
2842	2620
2843	2619
2845	2618
2846	2617
2847	2616
2849	2615
2850	2614
2851	2613
2852	2612
2853	2611
2854	2610
2855	2609
2856	2608
2857	2607
2858	2606
2859	2605
2860	2604
2861	2603
2862	2602
2863	2601
2864	2600
2866	2599
2867	2598
2868	2597
2869	2596
2871	2595
2873	2594
2875	2593
2876	2592
2878	2591
2879	2590
2880	2589
2881	2588
2882	2587
2884	2586
2885	2585
2887	2584
2888	2583
2889	2582
2890	2581
2893	2580
2894	2579
2895	2578
2899	2577
2900	2576
2901	2575
2902	2574
2903	2573
2904	2572
2906	2571
2907	2570
2908	2569
2910	2568
2912	2567
2913	2566
2914	2565
2915	2564
2916	2563
2917	2562
2918	2561
2919	2560
2920	2559
2921	2558
2922	2557
2924	2556
2925	2555
2926	2554
2929	2553
2930	2552
2931	2551
2932	2550
2933	2549
2934	2548
2935	2547
2937	2546
2938	2545
2939	2544
2940	2543
2941	2542
2942	2541
2944	2540
2945	2539
2946	2538
2947	2537
2948	2536
2950	2535
2951	2534
2952	2533
2953	2532
2954	2531
2956	2530
2959	2529
2960	2528
2961	2527
2962	2526
2963	2525
2965	2524
2966	2523
2967	2522
2968	2521
2969	2520
2970	2519
2972	2518
2974	2517
2975	2516
2976	2515
2977	2514
2978	2513
2979	2512
2980	2511
2981	2510
2982	2509
2983	2508
2984	2507
2987	2506
2989	2505
2991	2504
2993	2503
2994	2502
2995	2501
2996	2500
2997	2499
2998	2498
2999	2497
3000	2496
3002	2495
3003	2494
3004	2493
3006	2492
3007	2491
3008	2490
3009	2489
3010	2488
3011	2487
3012	2486
3013	2485
3015	2484
3016	2483
3017	2482
3018	2481
3019	2480
3020	2479
3021	2478
3022	2477
3023	2476
3024	2475
3025	2474
3026	2473
3027	2472
3028	2471
3030	2470
3031	2469
3032	2468
3033	2467
3034	2466
3036	2465
3037	2464
3038	2463
3039	2462
3040	2461
3041	2460
3042	2459
3043	2458
3044	2457
3045	2456
3046	2455
3048	2454
3050	2453
3051	2452
3052	2451
3053	2450
3055	2449
3056	2448
3057	2447
3058	2446
3059	2445
3060	2444
3062	2443
3064	2442
3066	2441
3068	2440
3069	2439
3070	2438
3071	2437
3072	2436
3073	2435
3074	2434
3075	2433
3076	2432
3077	2431
3078	2430
3079	2429
3080	2428
3081	2427
3082	2426
3083	2425
3086	2424
3087	2423
3088	2422
3089	2421
3090	2420
3091	2419
3092	2418
3093	2417
3094	2416
3096	2415
3097	2414
3098	2413
3099	2412
3100	2411
3101	2410
3102	2409
3103	2408
3104	2407
3105	2406
3106	2405
3107	2404
3108	2403
3109	2402
3110	2401
3112	2400
3113	2399
3115	2398
3116	2397
3118	2396
3119	2395
3120	2394
3121	2393
3122	2392
3123	2391
3124	2390
3125	2389
3126	2388
3127	2387
3128	2386
3129	2385
3130	2384
3131	2383
3132	2382
3133	2381
3134	2380
3135	2379
3136	2378
3137	2377
3138	2376
3139	2375
3140	2374
3141	2373
3142	2372
3144	2371
3146	2370
3147	2369
3148	2368
3149	2367
3150	2366
3151	2365
3152	2364
3154	2363
3157	2362
3158	2361
3159	2360
3160	2359
3161	2358
3162	2357
3163	2356
3165	2355
3166	2354
3167	2353
3168	2352
3169	2351
3170	2350
3171	2349
3172	2348
3173	2347
3174	2346
3175	2345
3176	2344
3177	2343
3179	2342
3181	2341
3182	2340
3183	2339
3184	2338
3185	2337
3189	2336
3191	2335
3192	2334
3193	2333
3194	2332
3197	2331
3198	2330
3199	2329
3200	2328
3201	2327
3203	2326
3204	2325
3205	2324
3206	2323
3208	2322
3209	2321
3210	2320
3211	2319
3212	2318
3213	2317
3214	2316
3215	2315
3216	2314
3218	2313
3219	2312
3220	2311
3221	2310
3222	2309
3223	2308
3224	2307
3225	2306
3226	2305
3228	2304
3229	2303
3231	2302
3234	2301
3235	2300
3237	2299
3238	2298
3239	2297
3240	2296
3241	2295
3242	2294
3243	2293
3244	2292
3245	2291
3246	2290
3247	2289
3248	2288
3250	2287
3252	2286
3254	2285
3255	2284
3256	2283
3257	2282
3258	2281
3259	2280
3260	2279
3261	2278
3262	2277
3263	2276
3265	2275
3266	2274
3267	2273
3268	2272
3270	2271
3271	2270
3272	2269
3273	2268
3274	2267
3275	2266
3277	2265
3278	2264
3279	2263
3282	2262
3283	2261
3284	2260
3285	2259
3286	2258
3287	2257
3288	2256
3289	2255
3290	2254
3291	2253
3292	2252
3294	2251
3295	2250
3296	2249
3297	2248
3298	2247
3299	2246
3300	2245
3301	2244
3302	2243
3303	2242
3305	2241
3306	2240
3307	2239
3309	2238
3310	2237
3311	2236
3312	2235
3313	2234
3314	2233
3315	2232
3316	2231
3317	2230
3318	2229
3321	2228
3322	2227
3323	2226
3324	2225
3325	2224
3327	2223
3328	2222
3329	2221
3330	2220
3331	2219
3332	2218
3333	2217
3334	2216
3336	2215
3337	2214
3338	2213
3339	2212
3340	2211
3341	2210
3342	2209
3343	2208
3344	2207
3345	2206
3346	2205
3347	2204
3348	2203
3349	2202
3351	2201
3352	2200
3353	2199
3354	2198
3356	2197
3357	2196
3358	2195
3360	2194
3361	2193
3363	2192
3364	2191
3365	2190
3366	2189
3367	2188
3368	2187
3369	2186
3370	2185
3371	2184
3372	2183
3373	2182
3374	2181
3376	2180
3378	2179
3379	2178
3381	2177
3382	2176
3383	2175
3384	2174
3385	2173
3386	2172
3387	2171
3388	2170
3389	2169
3391	2168
3392	2167
3393	2166
3395	2165
3396	2164
3397	2163
3398	2162
3399	2161
3400	2160
3401	2159
3402	2158
3404	2157
3405	2156
3406	2155
3408	2154
3409	2153
3412	2152
3413	2151
3414	2150
3415	2149
3416	2148
3417	2147
3418	2146
3419	2145
3420	2144
3421	2143
3423	2142
3424	2141
3425	2140
3426	2139
3427	2138
3428	2137
3429	2136
3430	2135
3431	2134
3432	2133
3433	2132
3434	2131
3435	2130
3436	2129
3437	2128
3438	2127
3439	2126
3441	2125
3443	2124
3444	2123
3445	2122
3446	2121
3447	2120
3448	2119
3450	2118
3451	2117
3452	2116
3453	2115
3454	2114
3455	2113
3456	2112
3458	2111
3459	2110
3462	2109
3463	2108
3464	2107
3465	2106
3467	2105
3468	2104
3469	2103
3470	2102
3471	2101
3473	2100
3474	2099
3476	2098
3477	2097
3478	2096
3479	2095
3480	2094
3481	2093
3482	2092
3483	2091
3485	2090
3486	2089
3487	2088
3488	2087
3489	2086
3490	2085
3491	2084
3492	2083
3493	2082
3494	2081
3495	2080
3496	2079
3497	2078
3498	2077
3499	2076
3500	2075
3501	2074
3502	2073
3503	2072
3504	2071
3505	2070
3506	2069
3507	2068
3509	2067
3510	2066
3512	2065
3514	2064
3515	2063
3516	2062
3517	2061
3519	2060
3520	2059
3521	2058
3522	2057
3523	2056
3524	2055
3526	2054
3527	2053
3528	2052
3529	2051
3530	2050
3531	2049
3532	2048
3533	2047
3534	2046
3535	2045
3536	2044
3537	2043
3538	2042
3539	2041
3541	2040
3542	2039
3543	2038
3544	2037
3545	2036
3546	2035
3547	2034
3548	2033
3551	2032
3552	2031
3553	2030
3554	2029
3555	2028
3557	2027
3558	2026
3559	2025
3561	2024
3562	2023
3563	2022
3564	2021
3565	2020
3566	2019
3567	2018
3569	2017
3572	2016
3573	2015
3574	2014
3576	2013
3577	2012
3578	2011
3579	2010
3580	2009
3582	2008
3583	2007
3584	2006
3585	2005
3586	2004
3587	2003
3588	2002
3589	2001
3591	2000
3592	1999
3593	1998
3594	1997
3595	1996
3596	1995
3598	1994
3599	1993
3600	1992
3601	1991
3602	1990
3603	1989
3605	1988
3607	1987
3608	1986
3610	1985
3611	1984
3612	1983
3613	1982
3614	1981
3615	1980
3617	1979
3618	1978
3619	1977
3620	1976
3621	1975
3622	1974
3623	1973
3624	1972
3625	1971
3626	1970
3627	1969
3628	1968
3629	1967
3632	1966
3634	1965
3635	1964
3637	1963
3638	1962
3640	1961
3641	1960
3642	1959
3643	1958
3645	1957
3646	1956
3647	1955
3648	1954
3649	1953
3650	1952
3651	1951
3652	1950
3653	1949
3654	1948
3655	1947
3656	1946
3657	1945
3658	1944
3659	1943
3660	1942
3661	1941
3662	1940
3663	1939
3664	1938
3665	1937
3666	1936
3667	1935
3668	1934
3669	1933
3671	1932
3672	1931
3674	1930
3676	1929
3678	1928
3679	1927
3680	1926
3681	1925
3682	1924
3683	1923
3684	1922
3685	1921
3686	1920
3688	1919
3690	1918
3691	1917
3692	1916
3693	1915
3694	1914
3695	1913
3699	1912
3700	1911
3701	1910
3702	1909
3703	1908
3704	1907
3705	1906
3706	1905
3707	1904
3710	1903
3712	1902
3713	1901
3714	1900
3715	1899
3716	1898
3717	1897
3718	1896
3720	1895
3721	1894
3723	1893
3724	1892
3725	1891
3726	1890
3727	1889
3728	1888
3729	1887
3730	1886
3731	1885
3732	1884
3733	1883
3734	1882
3735	1881
3736	1880
3737	1879
3738	1878
3739	1877
3740	1876
3741	1875
3742	1874
3743	1873
3744	1872
3745	1871
3746	1870
3747	1869
3749	1868
3750	1867
3752	1866
3753	1865
3754	1864
3755	1863
3757	1862
3758	1861
3759	1860
3760	1859
3762	1858
3763	1857
3764	1856
3765	1855
3766	1854
3767	1853
3768	1852
3770	1851
3771	1850
3774	1849
3775	1848
3776	1847
3777	1846
3778	1845
3779	1844
3780	1843
3781	1842
3782	1841
3783	1840
3784	1839
3785	1838
3786	1837
3789	1836
3790	1835
3791	1834
3792	1833
3793	1832
3795	1831
3796	1830
3797	1829
3798	1828
3799	1827
3800	1826
3801	1825
3802	1824
3803	1823
3804	1822
3806	1821
3807	1820
3808	1819
3810	1818
3811	1817
3812	1816
3813	1815
3814	1814
3815	1813
3816	1812
3817	1811
3818	1810
3819	1809
3820	1808
3821	1807
3822	1806
3823	1805
3824	1804
3825	1803
3826	1802
3827	1801
3828	1800
3829	1799
3831	1798
3834	1797
3835	1796
3836	1795
3837	1794
3838	1793
3839	1792
3840	1791
3841	1790
3842	1789
3843	1788
3845	1787
3846	1786
3847	1785
3848	1784
3849	1783
3850	1782
3852	1781
3853	1780
3854	1779
3856	1778
3857	1777
3858	1776
3859	1775
3861	1774
3862	1773
3863	1772
3864	1771
3865	1770
3866	1769
3867	1768
3868	1767
3869	1766
3870	1765
3871	1764
3872	1763
3873	1762
3874	1761
3875	1760
3877	1759
3878	1758
3879	1757
3881	1756
3882	1755
3883	1754
3884	1753
3885	1752
3886	1751
3888	1750
3889	1749
3890	1748
3891	1747
3892	1746
3893	1745
3894	1744
3895	1743
3897	1742
3898	1741
3899	1740
3900	1739
3901	1738
3902	1737
3904	1736
3905	1735
3906	1734
3907	1733
3909	1732
3910	1731
3911	1730
3912	1729
3913	1728
3914	1727
3915	1726
3916	1725
3917	1724
3918	1723
3920	1722
3921	1721
3922	1720
3923	1719
3924	1718
3925	1717
3926	1716
3929	1715
3930	1714
3931	1713
3932	1712
3933	1711
3934	1710
3935	1709
3936	1708
3939	1707
3940	1706
3941	1705
3942	1704
3944	1703
3946	1702
3947	1701
3949	1700
3950	1699
3951	1698
3952	1697
3953	1696
3954	1695
3955	1694
3956	1693
3957	1692
3958	1691
3960	1690
3964	1689
3965	1688
3966	1687
3967	1686
3968	1685
3969	1684
3970	1683
3971	1682
3972	1681
3973	1680
3974	1679
3975	1678
3976	1677
3977	1676
3980	1675
3981	1674
3982	1673
3983	1672
3984	1671
3985	1670
3986	1669
3987	1668
3988	1667
3989	1666
3990	1665
3991	1664
3992	1663
3994	1662
3996	1661
3997	1660
3998	1659
3999	1658
4001	1657
4002	1656
4003	1655
4004	1654
4005	1653
4006	1652
4007	1651
4008	1650
4009	1649
4010	1648
4011	1647
4012	1646
4014	1645
4015	1644
4017	1643
4018	1642
4019	1641
4020	1640
4021	1639
4022	1638
4023	1637
4024	1636
4025	1635
4027	1634
4028	1633
4029	1632
4030	1631
4031	1630
4032	1629
4033	1628
4034	1627
4035	1626
4036	1625
4037	1624
4038	1623
4039	1622
4040	1621
4041	1620
4042	1619
4043	1618
4044	1617
4045	1616
4048	1615
4049	1614
4050	1613
4051	1612
4053	1611
4054	1610
4055	1609
4056	1608
4058	1607
4059	1606
4060	1605
4061	1604
4062	1603
4063	1602
4066	1601
4067	1600
4068	1599
4069	1598
4070	1597
4071	1596
4072	1595
4073	1594
4074	1593
4075	1592
4076	1591
4078	1590
4080	1589
4081	1588
4083	1587
4085	1586
4086	1585
4087	1584
4088	1583
4090	1582
4091	1581
4093	1580
4094	1579
4095	1578
4096	1577
4097	1576
4098	1575
4099	1574
4100	1573
4101	1572
4102	1571
4103	1570
4104	1569
4106	1568
4107	1567
4108	1566
4109	1565
4110	1564
4111	1563
4112	1562
4113	1561
4115	1560
4116	1559
4117	1558
4119	1557
4120	1556
4121	1555
4122	1554
4124	1553
4125	1552
4126	1551
4127	1550
4128	1549
4129	1548
4130	1547
4131	1546
4133	1545
4134	1544
4135	1543
4136	1542
4137	1541
4138	1540
4141	1539
4142	1538
4143	1537
4144	1536
4145	1535
4146	1534
4147	1533
4148	1532
4149	1531
4151	1530
4152	1529
4154	1528
4155	1527
4156	1526
4157	1525
4158	1524
4159	1523
4160	1522
4162	1521
4163	1520
4164	1519
4165	1518
4166	1517
4167	1516
4168	1515
4169	1514
4170	1513
4172	1512
4173	1511
4174	1510
4175	1509
4176	1508
4177	1507
4178	1506
4179	1505
4180	1504
4181	1503
4182	1502
4184	1501
4185	1500
4186	1499
4187	1498
4188	1497
4189	1496
4190	1495
4191	1494
4192	1493
4193	1492
4194	1491
4195	1490
4196	1489
4197	1488
4198	1487
4199	1486
4200	1485
4201	1484
4202	1483
4203	1482
4204	1481
4205	1480
4206	1479
4207	1478
4208	1477
4209	1476
4210	1475
4211	1474
4214	1473
4215	1472
4216	1471
4217	1470
4218	1469
4219	1468
4220	1467
4221	1466
4222	1465
4223	1464
4224	1463
4225	1462
4226	1461
4227	1460
4229	1459
4230	1458
4231	1457
4232	1456
4233	1455
4234	1454
4235	1453
4236	1452
4238	1451
4239	1450
4243	1449
4245	1448
4246	1447
4247	1446
4248	1445
4250	1444
4251	1443
4253	1442
4254	1441
4256	1440
4257	1439
4258	1438
4261	1437
4262	1436
4263	1435
4265	1434
4266	1433
4267	1432
4270	1431
4271	1430
4272	1429
4273	1428
4274	1427
4276	1426
4277	1425
4279	1424
4280	1423
4281	1422
4282	1421
4283	1420
4284	1419
4285	1418
4286	1417
4287	1416
4288	1415
4289	1414
4291	1413
4292	1412
4293	1411
4294	1410
4295	1409
4296	1408
4297	1407
4298	1406
4300	1405
4301	1404
4302	1403
4303	1402
4304	1401
4305	1400
4306	1399
4307	1398
4308	1397
4309	1396
4311	1395
4312	1394
4313	1393
4315	1392
4316	1391
4317	1390
4319	1389
4320	1388
4321	1387
4322	1386
4323	1385
4324	1384
4325	1383
4327	1382
4329	1381
4330	1380
4331	1379
4332	1378
4333	1377
4334	1376
4335	1375
4336	1374
4337	1373
4338	1372
4339	1371
4342	1370
4343	1369
4344	1368
4345	1367
4346	1366
4347	1365
4348	1364
4351	1363
4352	1362
4353	1361
4354	1360
4355	1359
4357	1358
4358	1357
4359	1356
4360	1355
4361	1354
4362	1353
4364	1352
4365	1351
4366	1350
4367	1349
4368	1348
4369	1347
4370	1346
4371	1345
4372	1344
4373	1343
4374	1342
4377	1341
4378	1340
4379	1339
4380	1338
4381	1337
4383	1336
4384	1335
4386	1334
4387	1333
4388	1332
4389	1331
4392	1330
4395	1329
4396	1328
4397	1327
4398	1326
4399	1325
4401	1324
4402	1323
4403	1322
4404	1321
4405	1320
4406	1319
4407	1318
4408	1317
4409	1316
4410	1315
4411	1314
4412	1313
4413	1312
4414	1311
4415	1310
4416	1309
4417	1308
4419	1307
4420	1306
4421	1305
4422	1304
4423	1303
4424	1302
4425	1301
4426	1300
4429	1299
4430	1298
4431	1297
4432	1296
4434	1295
4436	1294
4438	1293
4441	1292
4442	1291
4443	1290
4444	1289
4445	1288
4446	1287
4447	1286
4448	1285
4449	1284
4451	1283
4452	1282
4453	1281
4454	1280
4455	1279
4456	1278
4457	1277
4458	1276
4459	1275
4460	1274
4462	1273
4463	1272
4464	1271
4466	1270
4467	1269
4468	1268
4469	1267
4470	1266
4471	1265
4472	1264
4473	1263
4475	1262
4476	1261
4477	1260
4479	1259
4480	1258
4482	1257
4484	1256
4486	1255
4489	1254
4490	1253
4491	1252
4493	1251
4494	1250
4495	1249
4496	1248
4497	1247
4498	1246
4500	1245
4501	1244
4502	1243
4503	1242
4504	1241
4505	1240
4506	1239
4507	1238
4508	1237
4509	1236
4512	1235
4513	1234
4514	1233
4515	1232
4516	1231
4517	1230
4518	1229
4519	1228
4520	1227
4521	1226
4522	1225
4523	1224
4524	1223
4525	1222
4526	1221
4527	1220
4529	1219
4530	1218
4531	1217
4533	1216
4534	1215
4535	1214
4536	1213
4537	1212
4538	1211
4539	1210
4540	1209
4541	1208
4542	1207
4544	1206
4545	1205
4546	1204
4547	1203
4548	1202
4550	1201
4551	1200
4553	1199
4554	1198
4555	1197
4557	1196
4559	1195
4560	1194
4562	1193
4563	1192
4564	1191
4565	1190
4566	1189
4567	1188
4568	1187
4569	1186
4570	1185
4571	1184
4572	1183
4573	1182
4574	1181
4575	1180
4576	1179
4577	1178
4578	1177
4579	1176
4580	1175
4581	1174
4582	1173
4583	1172
4584	1171
4585	1170
4586	1169
4587	1168
4588	1167
4589	1166
4590	1165
4592	1164
4593	1163
4594	1162
4595	1161
4596	1160
4597	1159
4598	1158
4599	1157
4600	1156
4601	1155
4602	1154
4603	1153
4604	1152
4605	1151
4606	1150
4607	1149
4608	1148
4609	1147
4610	1146
4611	1145
4612	1144
4613	1143
4615	1142
4616	1141
4617	1140
4618	1139
4619	1138
4620	1137
4622	1136
4623	1135
4624	1134
4625	1133
4626	1132
4627	1131
4628	1130
4629	1129
4630	1128
4631	1127
4632	1126
4633	1125
4634	1124
4635	1123
4636	1122
4638	1121
4639	1120
4640	1119
4641	1118
4642	1117
4644	1116
4645	1115
4646	1114
4647	1113
4648	1112
4649	1111
4650	1110
4651	1109
4652	1108
4653	1107
4654	1106
4655	1105
4657	1104
4658	1103
4659	1102
4661	1101
4662	1100
4663	1099
4664	1098
4666	1097
4667	1096
4668	1095
4669	1094
4671	1093
4672	1092
4674	1091
4676	1090
4677	1089
4678	1088
4680	1087
4681	1086
4682	1085
4683	1084
4685	1083
4686	1082
4687	1081
4688	1080
4689	1079
4690	1078
4691	1077
4692	1076
4693	1075
4694	1074
4695	1073
4696	1072
4697	1071
4698	1070
4699	1069
4700	1068
4701	1067
4703	1066
4704	1065
4705	1064
4706	1063
4707	1062
4708	1061
4709	1060
4710	1059
4711	1058
4712	1057
4713	1056
4714	1055
4715	1054
4716	1053
4717	1052
4718	1051
4719	1050
4722	1049
4723	1048
4724	1047
4725	1046
4726	1045
4727	1044
4728	1043
4730	1042
4731	1041
4732	1040
4733	1039
4734	1038
4735	1037
4736	1036
4737	1035
4738	1034
4740	1033
4741	1032
4742	1031
4743	1030
4744	1029
4746	1028
4747	1027
4748	1026
4749	1025
4750	1024
4751	1023
4752	1022
4753	1021
4755	1020
4756	1019
4758	1018
4759	1017
4760	1016
4761	1015
4762	1014
4764	1013
4765	1012
4767	1011
4768	1010
4769	1009
4770	1008
4771	1007
4772	1006
4773	1005
4774	1004
4776	1003
4777	1002
4778	1001
4779	1000
4780	999
4781	998
4782	997
4783	996
4784	995
4785	994
4786	993
4788	992
4789	991
4790	990
4791	989
4793	988
4794	987
4796	986
4798	985
4799	984
4800	983
4802	982
4803	981
4804	980
4805	979
4807	978
4810	977
4811	976
4812	975
4815	974
4816	973
4818	972
4820	971
4821	970
4822	969
4824	968
4825	967
4827	966
4828	965
4830	964
4832	963
4833	962
4834	961
4835	960
4836	959
4837	958
4838	957
4839	956
4840	955
4841	954
4842	953
4843	952
4844	951
4845	950
4846	949
4847	948
4848	947
4850	946
4851	945
4852	944
4853	943
4854	942
4856	941
4858	940
4859	939
4860	938
4861	937
4864	936
4865	935
4866	934
4869	933
4870	932
4871	931
4873	930
4874	929
4877	928
4878	927
4879	926
4880	925
4882	924
4883	923
4884	922
4885	921
4887	920
4888	919
4889	918
4891	917
4892	916
4894	915
4895	914
4896	913
4898	912
4899	911
4900	910
4901	909
4902	908
4903	907
4904	906
4905	905
4906	904
4907	903
4908	902
4909	901
4911	900
4913	899
4914	898
4915	897
4916	896
4917	895
4918	894
4919	893
4921	892
4922	891
4923	890
4924	889
4926	888
4927	887
4929	886
4930	885
4931	884
4932	883
4933	882
4934	881
4935	880
4936	879
4939	878
4940	877
4941	876
4942	875
4943	874
4945	873
4946	872
4947	871
4948	870
4949	869
4951	868
4952	867
4954	866
4955	865
4958	864
4959	863
4960	862
4961	861
4962	860
4964	859
4966	858
4967	857
4968	856
4970	855
4971	854
4972	853
4973	852
4974	851
4975	850
4976	849
4978	848
4980	847
4981	846
4982	845
4983	844
4984	843
4985	842
4986	841
4987	840
4988	839
4991	838
4992	837
4993	836
4996	835
4997	834
4998	833
5000	832
5001	831
5003	830
5004	829
5006	828
5007	827
5008	826
5010	825
5011	824
5012	823
5013	822
5014	821
5015	820
5016	819
5017	818
5018	817
5021	816
5022	815
5023	814
5024	813
5026	812
5027	811
5028	810
5029	809
5030	808
5031	807
5032	806
5033	805
5035	804
5036	803
5037	802
5038	801
5039	800
5044	799
5045	798
5046	797
5047	796
5049	795
5050	794
5051	793
5052	792
5054	791
5055	790
5057	789
5060	788
5061	787
5062	786
5063	785
5064	784
5065	783
5066	782
5067	781
5069	780
5070	779
5071	778
5072	777
5073	776
5074	775
5075	774
5077	773
5078	772
5079	771
5080	770
5081	769
5082	768
5084	767
5085	766
5087	765
5088	764
5090	763
5093	762
5094	761
5096	760
5097	759
5098	758
5099	757
5100	756
5101	755
5102	754
5103	753
5104	752
5105	751
5106	750
5107	749
5108	748
5109	747
5110	746
5111	745
5112	744
5113	743
5114	742
5115	741
5116	740
5117	739
5118	738
5120	737
5121	736
5123	735
5124	734
5125	733
5126	732
5127	731
5128	730
5130	729
5131	728
5132	727
5133	726
5134	725
5135	724
5136	723
5137	722
5138	721
5139	720
5140	719
5141	718
5142	717
5145	716
5146	715
5147	714
5148	713
5149	712
5150	711
5151	710
5152	709
5153	708
5154	707
5155	706
5157	705
5158	704
5159	703
5160	702
5162	701
5163	700
5165	699
5166	698
5167	697
5168	696
5169	695
5171	694
5172	693
5174	692
5175	691
5177	690
5178	689
5179	688
5180	687
5181	686
5182	685
5183	684
5184	683
5186	682
5187	681
5188	680
5189	679
5190	678
5191	677
5192	676
5193	675
5194	674
5195	673
5196	672
5197	671
5198	670
5199	669
5201	668
5204	667
5205	666
5206	665
5207	664
5208	663
5209	662
5210	661
5211	660
5212	659
5213	658
5214	657
5216	656
5217	655
5218	654
5219	653
5220	652
5221	651
5225	650
5226	649
5227	648
5228	647
5229	646
5230	645
5233	644
5235	643
5236	642
5237	641
5238	640
5241	639
5242	638
5243	637
5244	636
5245	635
5246	634
5248	633
5249	632
5250	631
5253	630
5254	629
5255	628
5256	627
5257	626
5259	625
5261	624
5262	623
5263	622
5264	621
5265	620
5266	619
5267	618
5268	617
5269	616
5270	615
5271	614
5272	613
5273	612
5274	611
5277	610
5278	609
5279	608
5280	607
5282	606
5283	605
5284	604
5285	603
5286	602
5287	601
5288	600
5289	599
5290	598
5291	597
5292	596
5293	595
5294	594
5296	593
5297	592
5298	591
5300	590
5301	589
5302	588
5303	587
5304	586
5305	585
5306	584
5307	583
5308	582
5309	581
5310	580
5311	579
5312	578
5313	577
5314	576
5315	575
5316	574
5317	573
5320	572
5321	571
5322	570
5323	569
5325	568
5326	567
5327	566
5328	565
5329	564
5331	563
5332	562
5334	561
5335	560
5336	559
5337	558
5338	557
5339	556
5340	555
5341	554
5342	553
5343	552
5344	551
5345	550
5346	549
5347	548
5349	547
5351	546
5352	545
5354	544
5355	543
5356	542
5357	541
5358	540
5359	539
5360	538
5361	537
5362	536
5363	535
5365	534
5366	533
5367	532
5369	531
5370	530
5372	529
5373	528
5374	527
5375	526
5376	525
5377	524
5379	523
5380	522
5381	521
5382	520
5383	519
5385	518
5386	517
5387	516
5388	515
5389	514
5390	513
5391	512
5392	511
5393	510
5394	509
5396	508
5397	507
5398	506
5399	505
5400	504
5401	503
5402	502
5403	501
5404	500
5405	499
5406	498
5407	497
5408	496
5409	495
5410	494
5411	493
5412	492
5415	491
5416	490
5417	489
5419	488
5420	487
5421	486
5422	485
5423	484
5424	483
5425	482
5426	481
5427	480
5428	479
5429	478
5430	477
5431	476
5432	475
5435	474
5437	473
5438	472
5439	471
5440	470
5441	469
5442	468
5443	467
5444	466
5445	465
5447	464
5448	463
5449	462
5450	461
5451	460
5452	459
5453	458
5455	457
5456	456
5457	455
5460	454
5461	453
5462	452
5463	451
5466	450
5467	449
5468	448
5469	447
5470	446
5471	445
5472	444
5474	443
5475	442
5476	441
5478	440
5479	439
5480	438
5482	437
5484	436
5485	435
5486	434
5487	433
5488	432
5489	431
5490	430
5492	429
5494	428
5496	427
5497	426
5499	425
5500	424
5501	423
5502	422
5503	421
5504	420
5505	419
5506	418
5508	417
5509	416
5510	415
5511	414
5512	413
5513	412
5515	411
5516	410
5518	409
5519	408
5520	407
5521	406
5522	405
5523	404
5524	403
5525	402
5526	401
5527	400
5528	399
5529	398
5530	397
5531	396
5532	395
5533	394
5534	393
5535	392
5536	391
5537	390
5538	389
5539	388
5540	387
5541	386
5542	385
5543	384
5544	383
5545	382
5547	381
5548	380
5550	379
5551	378
5552	377
5554	376
5556	375
5557	374
5558	373
5559	372
5561	371
5564	370
5565	369
5566	368
5567	367
5568	366
5570	365
5571	364
5572	363
5574	362
5575	361
5576	360
5577	359
5578	358
5579	357
5580	356
5581	355
5582	354
5583	353
5584	352
5585	351
5586	350
5587	349
5590	348
5591	347
5592	346
5593	345
5594	344
5595	343
5597	342
5598	341
5599	340
5600	339
5601	338
5602	337
5603	336
5604	335
5605	334
5606	333
5610	332
5611	331
5612	330
5615	329
5616	328
5618	327
5620	326
5621	325
5622	324
5624	323
5625	322
5628	321
5631	320
5633	319
5634	318
5635	317
5636	316
5637	315
5638	314
5639	313
5640	312
5641	311
5643	310
5645	309
5646	308
5647	307
5648	306
5649	305
5650	304
5651	303
5652	302
5653	301
5654	300
5655	299
5656	298
5657	297
5658	296
5659	295
5660	294
5661	293
5663	292
5664	291
5665	290
5666	289
5667	288
5668	287
5669	286
5670	285
5672	284
5673	283
5674	282
5675	281
5677	280
5679	279
5680	278
5681	277
5682	276
5683	275
5684	274
5685	273
5686	272
5687	271
5688	270
5689	269
5690	268
5691	267
5693	266
5694	265
5696	264
5697	263
5698	262
5699	261
5700	260
5701	259
5702	258
5703	257
5704	256
5705	255
5706	254
5707	253
5708	252
5709	251
5711	250
5712	249
5713	248
5714	247
5716	246
5717	245
5718	244
5719	243
5721	242
5722	241
5723	240
5724	239
5725	238
5727	237
5728	236
5730	235
5731	234
5732	233
5733	232
5734	231
5736	230
5737	229
5738	228
5739	227
5741	226
5742	225
5744	224
5746	223
5749	222
5750	221
5751	220
5752	219
5753	218
5754	217
5755	216
5756	215
5758	214
5759	213
5760	212
5761	211
5762	210
5763	209
5764	208
5765	207
5766	206
5767	205
5768	204
5769	203
5770	202
5771	201
5773	200
5774	199
5775	198
5776	197
5777	196
5779	195
5780	194
5781	193
5783	192
5784	191
5787	190
5788	189
5789	188
5790	187
5791	186
5792	185
5793	184
5794	183
5795	182
5797	181
5798	180
5799	179
5800	178
5801	177
5802	176
5803	175
5804	174
5805	173
5806	172
5807	171
5808	170
5809	169
5810	168
5811	167
5812	166
5813	165
5815	164
5816	163
5817	162
5818	161
5820	160
5821	159
5822	158
5824	157
5825	156
5826	155
5828	154
5829	153
5830	152
5831	151
5832	150
5835	149
5837	148
5839	147
5840	146
5842	145
5843	144
5844	143
5845	142
5846	141
5847	140
5848	139
5849	138
5850	137
5851	136
5852	135
5853	134
5854	133
5855	132
5856	131
5857	130
5858	129
5859	128
5860	127
5861	126
5862	125
5863	124
5864	123
5865	122
5866	121
5867	120
5868	119
5869	118
5871	117
5872	116
5873	115
5874	114
5875	113
5876	112
5877	111
5878	110
5879	109
5880	108
5881	107
5882	106
5883	105
5884	104
5885	103
5887	102
5888	101
5889	100
5890	99
5891	98
5892	97
5893	96
5894	95
5895	94
5896	93
5897	92
5898	91
5900	90
5901	89
5902	88
5903	87
5904	86
5905	85
5906	84
5907	83
5908	82
5909	81
5910	80
5911	79
5912	78
5915	77
5916	76
5917	75
5918	74
5919	73
5920	72
5921	71
5922	70
5923	69
5924	68
5925	67
5926	66
5927	65
5928	64
5930	63
5931	62
5932	61
5933	60
5934	59
5935	58
5936	57
5937	56
5938	55
5939	54
5940	53
5941	52
5942	51
5943	50
5944	49
5945	48
5946	47
5947	46
5948	45
5949	44
5951	43
5953	42
5954	41
5955	40
5956	39
5957	38
5958	37
5959	36
5960	35
5961	34
5962	33
5963	32
5964	31
5965	30
5966	29
5967	28
5969	27
5970	26
5973	25
5974	24
5975	23
5976	22
5977	21
5978	20
5979	19
5980	18
5981	17
5982	16
5983	15
5984	14
5986	13
5987	12
5988	11
5989	10
5990	9
5992	8
5993	7
5994	6
5995	5
5996	4
5997	3
5998	2
5999	1
