0	4999
1	4998
2	4997
3	4996
4	4995
5	4994
7	4993
8	4992
9	4991
10	4990
11	4989
12	4988
13	4987
14	4986
15	4985
16	4984
17	4983
18	4982
19	4981
20	4980
21	4979
22	4978
23	4977
24	4976
25	4975
26	4974
27	4973
28	4972
30	4971
31	4970
33	4969
34	4968
35	4967
36	4966
37	4965
38	4964
39	4963
41	4962
42	4961
44	4960
45	4959
46	4958
47	4957
48	4956
49	4955
50	4954
51	4953
53	4952
54	4951
55	4950
56	4949
57	4948
58	4947
59	4946
62	4945
63	4944
64	4943
65	4942
67	4941
68	4940
69	4939
70	4938
71	4937
72	4936
74	4935
75	4934
76	4933
77	4932
78	4931
79	4930
80	4929
81	4928
82	4927
84	4926
85	4925
86	4924
87	4923
88	4922
90	4921
91	4920
92	4919
93	4918
94	4917
96	4916
97	4915
100	4914
101	4913
102	4912
103	4911
104	4910
105	4909
106	4908
107	4907
109	4906
110	4905
111	4904
112	4903
113	4902
114	4901
115	4900
116	4899
117	4898
118	4897
119	4896
120	4895
121	4894
122	4893
123	4892
124	4891
126	4890
127	4889
128	4888
129	4887
130	4886
131	4885
132	4884
133	4883
134	4882
135	4881
136	4880
137	4879
138	4878
139	4877
141	4876
142	4875
143	4874
144	4873
145	4872
147	4871
148	4870
149	4869
151	4868
152	4867
153	4866
154	4865
156	4864
157	4863
158	4862
159	4861
160	4860
161	4859
162	4858
164	4857
165	4856
166	4855
167	4854
169	4853
171	4852
172	4851
173	4850
174	4849
175	4848
177	4847
180	4846
181	4845
182	4844
183	4843
184	4842
185	4841
188	4840
189	4839
190	4838
191	4837
192	4836
193	4835
194	4834
195	4833
197	4832
199	4831
200	4830
201	4829
203	4828
204	4827
205	4826
207	4825
208	4824
209	4823
210	4822
211	4821
213	4820
214	4819
215	4818
216	4817
218	4816
219	4815
220	4814
221	4813
224	4812
225	4811
226	4810
227	4809
228	4808
229	4807
230	4806
231	4805
232	4804
233	4803
234	4802
235	4801
236	4800
239	4799
240	4798
241	4797
242	4796
243	4795
245	4794
246	4793
247	4792
248	4791
249	4790
250	4789
251	4788
252	4787
253	4786
254	4785
255	4784
256	4783
257	4782
258	4781
259	4780
260	4779
261	4778
262	4777
263	4776
264	4775
265	4774
266	4773
270	4772
271	4771
272	4770
274	4769
275	4768
276	4767
277	4766
278	4765
280	4764
281	4763
282	4762
283	4761
284	4760
285	4759
286	4758
287	4757
288	4756
289	4755
290	4754
291	4753
292	4752
293	4751
294	4750
295	4749
296	4748
297	4747
298	4746
299	4745
300	4744
301	4743
303	4742
304	4741
305	4740
306	4739
307	4738
308	4737
309	4736
312	4735
316	4734
317	4733
318	4732
320	4731
323	4730
324	4729
325	4728
326	4727
327	4726
328	4725
329	4724
330	4723
331	4722
332	4721
333	4720
334	4719
335	4718
336	4717
338	4716
339	4715
340	4714
343	4713
344	4712
345	4711
346	4710
347	4709
348	4708
349	4707
350	4706
351	4705
352	4704
353	4703
355	4702
357	4701
358	4700
359	4699
360	4698
361	4697
362	4696
363	4695
364	4694
366	4693
367	4692
369	4691
371	4690
373	4689
374	4688
375	4687
376	4686
378	4685
379	4684
381	4683
382	4682
383	4681
385	4680
388	4679
389	4678
390	4677
391	4676
392	4675
393	4674
394	4673
395	4672
396	4671
397	4670
398	4669
399	4668
400	4667
401	4666
403	4665
405	4664
406	4663
408	4662
409	4661
410	4660
411	4659
412	4658
415	4657
416	4656
417	4655
418	4654
419	4653
420	4652
421	4651
422	4650
424	4649
426	4648
428	4647
430	4646
431	4645
432	4644
433	4643
434	4642
435	4641
436	4640
437	4639
438	4638
439	4637
440	4636
441	4635
442	4634
443	4633
445	4632
446	4631
447	4630
448	4629
449	4628
450	4627
451	4626
452	4625
453	4624
454	4623
455	4622
456	4621
457	4620
458	4619
459	4618
460	4617
462	4616
463	4615
464	4614
465	4613
466	4612
467	4611
468	4610
469	4609
470	4608
471	4607
472	4606
473	4605
474	4604
475	4603
476	4602
477	4601
479	4600
481	4599
482	4598
483	4597
484	4596
485	4595
486	4594
487	4593
488	4592
489	4591
490	4590
491	4589
492	4588
493	4587
494	4586
495	4585
496	4584
497	4583
498	4582
499	4581
500	4580
501	4579
504	4578
505	4577
506	4576
507	4575
508	4574
509	4573
510	4572
512	4571
513	4570
514	4569
515	4568
516	4567
518	4566
519	4565
521	4564
522	4563
523	4562
524	4561
526	4560
529	4559
530	4558
531	4557
533	4556
534	4555
536	4554
537	4553
538	4552
539	4551
540	4550
541	4549
543	4548
544	4547
545	4546
546	4545
549	4544
550	4543
551	4542
552	4541
553	4540
554	4539
556	4538
557	4537
558	4536
559	4535
561	4534
562	4533
563	4532
564	4531
565	4530
566	4529
567	4528
569	4527
570	4526
571	4525
572	4524
573	4523
574	4522
575	4521
576	4520
578	4519
579	4518
580	4517
581	4516
582	4515
583	4514
584	4513
585	4512
586	4511
587	4510
588	4509
589	4508
590	4507
591	4506
592	4505
593	4504
594	4503
595	4502
596	4501
597	4500
598	4499
599	4498
600	4497
601	4496
602	4495
603	4494
604	4493
605	4492
606	4491
607	4490
608	4489
609	4488
610	4487
611	4486
612	4485
613	4484
614	4483
615	4482
616	4481
617	4480
620	4479
621	4478
623	4477
624	4476
625	4475
626	4474
627	4473
628	4472
630	4471
632	4470
633	4469
634	4468
635	4467
636	4466
639	4465
640	4464
641	4463
642	4462
643	4461
644	4460
645	4459
646	4458
647	4457
649	4456
650	4455
651	4454
652	4453
653	4452
654	4451
655	4450
656	4449
657	4448
658	4447
659	4446
660	4445
661	4444
662	4443
663	4442
664	4441
665	4440
667	4439
668	4438
669	4437
670	4436
671	4435
672	4434
673	4433
674	4432
675	4431
676	4430
677	4429
678	4428
679	4427
680	4426
681	4425
682	4424
683	4423
684	4422
686	4421
688	4420
689	4419
690	4418
692	4417
694	4416
696	4415
697	4414
698	4413
699	4412
700	4411
702	4410
703	4409
705	4408
708	4407
712	4406
713	4405
716	4404
717	4403
718	4402
719	4401
720	4400
721	4399
723	4398
724	4397
725	4396
726	4395
728	4394
730	4393
731	4392
732	4391
733	4390
734	4389
735	4388
736	4387
737	4386
738	4385
739	4384
740	4383
741	4382
742	4381
743	4380
744	4379
745	4378
747	4377
749	4376
750	4375
751	4374
753	4373
754	4372
755	4371
756	4370
757	4369
758	4368
759	4367
760	4366
761	4365
762	4364
763	4363
764	4362
765	4361
766	4360
767	4359
769	4358
770	4357
771	4356
772	4355
773	4354
774	4353
775	4352
777	4351
778	4350
779	4349
780	4348
781	4347
782	4346
783	4345
784	4344
785	4343
786	4342
787	4341
789	4340
790	4339
791	4338
792	4337
793	4336
794	4335
795	4334
796	4333
797	4332
798	4331
799	4330
801	4329
802	4328
803	4327
804	4326
805	4325
806	4324
807	4323
808	4322
809	4321
810	4320
812	4319
813	4318
814	4317
815	4316
816	4315
817	4314
818	4313
819	4312
821	4311
822	4310
823	4309
824	4308
825	4307
827	4306
828	4305
830	4304
831	4303
832	4302
834	4301
835	4300
838	4299
839	4298
840	4297
842	4296
843	4295
844	4294
845	4293
846	4292
847	4291
848	4290
849	4289
850	4288
851	4287
852	4286
853	4285
854	4284
855	4283
856	4282
858	4281
859	4280
860	4279
861	4278
863	4277
864	4276
865	4275
866	4274
867	4273
869	4272
870	4271
871	4270
872	4269
873	4268
874	4267
875	4266
876	4265
878	4264
879	4263
880	4262
881	4261
882	4260
883	4259
885	4258
886	4257
887	4256
888	4255
889	4254
891	4253
892	4252
893	4251
894	4250
895	4249
896	4248
897	4247
898	4246
899	4245
900	4244
901	4243
902	4242
905	4241
906	4240
907	4239
908	4238
910	4237
911	4236
912	4235
913	4234
916	4233
917	4232
918	4231
919	4230
920	4229
921	4228
923	4227
924	4226
925	4225
927	4224
928	4223
929	4222
930	4221
931	4220
932	4219
933	4218
934	4217
935	4216
938	4215
939	4214
940	4213
941	4212
942	4211
944	4210
945	4209
946	4208
947	4207
948	4206
950	4205
952	4204
953	4203
954	4202
956	4201
957	4200
958	4199
959	4198
960	4197
961	4196
963	4195
965	4194
966	4193
967	4192
968	4191
969	4190
970	4189
971	4188
974	4187
975	4186
976	4185
977	4184
980	4183
982	4182
983	4181
984	4180
985	4179
987	4178
988	4177
990	4176
991	4175
993	4174
994	4173
995	4172
996	4171
997	4170
998	4169
999	4168
1000	4167
1001	4166
1002	4165
1003	4164
1004	4163
1009	4162
1010	4161
1011	4160
1013	4159
1014	4158
1015	4157
1016	4156
1017	4155
1018	4154
1019	4153
1020	4152
1021	4151
1022	4150
1023	4149
1024	4148
1025	4147
1026	4146
1027	4145
1030	4144
1031	4143
1033	4142
1034	4141
1035	4140
1036	4139
1038	4138
1039	4137
1040	4136
1041	4135
1042	4134
1043	4133
1044	4132
1045	4131
1046	4130
1048	4129
1049	4128
1051	4127
1052	4126
1053	4125
1054	4124
1055	4123
1057	4122
1060	4121
1061	4120
1062	4119
1063	4118
1065	4117
1066	4116
1067	4115
1068	4114
1069	4113
1070	4112
1071	4111
1072	4110
1073	4109
1074	4108
1076	4107
1077	4106
1078	4105
1079	4104
1080	4103
1081	4102
1082	4101
1083	4100
1084	4099
1085	4098
1086	4097
1087	4096
1088	4095
1089	4094
1090	4093
1091	4092
1092	4091
1093	4090
1094	4089
1095	4088
1096	4087
1097	4086
1098	4085
1099	4084
1100	4083
1101	4082
1102	4081
1104	4080
1105	4079
1107	4078
1108	4077
1109	4076
1110	4075
1113	4074
1114	4073
1116	4072
1117	4071
1118	4070
1120	4069
1124	4068
1125	4067
1126	4066
1127	4065
1129	4064
1130	4063
1131	4062
1132	4061
1133	4060
1134	4059
1135	4058
1138	4057
1139	4056
1140	4055
1141	4054
1142	4053
1143	4052
1145	4051
1146	4050
1147	4049
1148	4048
1149	4047
1150	4046
1151	4045
1152	4044
1153	4043
1154	4042
1155	4041
1156	4040
1157	4039
1158	4038
1159	4037
1160	4036
1162	4035
1163	4034
1164	4033
1165	4032
1166	4031
1167	4030
1168	4029
1169	4028
1170	4027
1171	4026
1172	4025
1173	4024
1175	4023
1177	4022
1178	4021
1180	4020
1181	4019
1182	4018
1183	4017
1184	4016
1185	4015
1186	4014
1189	4013
1190	4012
1191	4011
1192	4010
1193	4009
1194	4008
1196	4007
1197	4006
1198	4005
1201	4004
1202	4003
1203	4002
1204	4001
1205	4000
1206	3999
1207	3998
1208	3997
1213	3996
1214	3995
1215	3994
1216	3993
1217	3992
1218	3991
1219	3990
1220	3989
1221	3988
1222	3987
1224	3986
1225	3985
1226	3984
1227	3983
1228	3982
1229	3981
1230	3980
1232	3979
1233	3978
1234	3977
1236	3976
1237	3975
1238	3974
1239	3973
1240	3972
1241	3971
1242	3970
1243	3969
1244	3968
1245	3967
1246	3966
1247	3965
1248	3964
1249	3963
1250	3962
1251	3961
1252	3960
1253	3959
1254	3958
1255	3957
1256	3956
1258	3955
1259	3954
1260	3953
1261	3952
1263	3951
1265	3950
1266	3949
1267	3948
1268	3947
1269	3946
1270	3945
1271	3944
1273	3943
1274	3942
1276	3941
1277	3940
1278	3939
1279	3938
1280	3937
1281	3936
1282	3935
1283	3934
1285	3933
1286	3932
1287	3931
1288	3930
1289	3929
1290	3928
1291	3927
1293	3926
1294	3925
1296	3924
1297	3923
1298	3922
1299	3921
1300	3920
1302	3919
1303	3918
1304	3917
1307	3916
1309	3915
1310	3914
1312	3913
1313	3912
1314	3911
1315	3910
1316	3909
1317	3908
1318	3907
1320	3906
1322	3905
1323	3904
1326	3903
1327	3902
1328	3901
1329	3900
1330	3899
1331	3898
1333	3897
1334	3896
1335	3895
1336	3894
1339	3893
1341	3892
1342	3891
1343	3890
1344	3889
1346	3888
1347	3887
1348	3886
1349	3885
1350	3884
1351	3883
1352	3882
1353	3881
1354	3880
1355	3879
1356	3878
1357	3877
1358	3876
1359	3875
1360	3874
1362	3873
1363	3872
1364	3871
1366	3870
1367	3869
1368	3868
1370	3867
1371	3866
1372	3865
1373	3864
1374	3863
1375	3862
1376	3861
1378	3860
1379	3859
1380	3858
1381	3857
1382	3856
1383	3855
1384	3854
1385	3853
1386	3852
1387	3851
1388	3850
1389	3849
1390	3848
1392	3847
1393	3846
1394	3845
1395	3844
1396	3843
1397	3842
1398	3841
1399	3840
1400	3839
1401	3838
1402	3837
1403	3836
1404	3835
1406	3834
1407	3833
1408	3832
1409	3831
1411	3830
1413	3829
1414	3828
1415	3827
1416	3826
1417	3825
1418	3824
1419	3823
1420	3822
1421	3821
1422	3820
1423	3819
1424	3818
1425	3817
1426	3816
1428	3815
1429	3814
1430	3813
1431	3812
1432	3811
1433	3810
1434	3809
1435	3808
1436	3807
1438	3806
1439	3805
1440	3804
1441	3803
1443	3802
1444	3801
1445	3800
1446	3799
1448	3798
1449	3797
1450	3796
1451	3795
1452	3794
1453	3793
1455	3792
1456	3791
1457	3790
1458	3789
1459	3788
1461	3787
1462	3786
1463	3785
1465	3784
1466	3783
1467	3782
1469	3781
1470	3780
1472	3779
1473	3778
1474	3777
1475	3776
1476	3775
1477	3774
1478	3773
1479	3772
1481	3771
1482	3770
1484	3769
1485	3768
1487	3767
1488	3766
1489	3765
1491	3764
1492	3763
1493	3762
1494	3761
1496	3760
1497	3759
1498	3758
1499	3757
1501	3756
1502	3755
1503	3754
1505	3753
1506	3752
1507	3751
1508	3750
1510	3749
1511	3748
1512	3747
1513	3746
1514	3745
1515	3744
1516	3743
1517	3742
1518	3741
1519	3740
1520	3739
1522	3738
1523	3737
1524	3736
1525	3735
1526	3734
1527	3733
1528	3732
1532	3731
1533	3730
1535	3729
1537	3728
1538	3727
1539	3726
1540	3725
1541	3724
1542	3723
1543	3722
1544	3721
1545	3720
1546	3719
1547	3718
1548	3717
1549	3716
1550	3715
1551	3714
1552	3713
1553	3712
1554	3711
1555	3710
1556	3709
1558	3708
1559	3707
1560	3706
1561	3705
1563	3704
1564	3703
1565	3702
1566	3701
1567	3700
1568	3699
1569	3698
1572	3697
1573	3696
1574	3695
1575	3694
1576	3693
1577	3692
1578	3691
1581	3690
1582	3689
1583	3688
1584	3687
1585	3686
1586	3685
1587	3684
1588	3683
1590	3682
1591	3681
1592	3680
1593	3679
1594	3678
1595	3677
1596	3676
1597	3675
1598	3674
1599	3673
1600	3672
1601	3671
1602	3670
1603	3669
1604	3668
1605	3667
1606	3666
1607	3665
1608	3664
1610	3663
1612	3662
1613	3661
1614	3660
1615	3659
1616	3658
1617	3657
1618	3656
1619	3655
1620	3654
1621	3653
1622	3652
1623	3651
1624	3650
1625	3649
1626	3648
1627	3647
1628	3646
1629	3645
1630	3644
1631	3643
1632	3642
1635	3641
1636	3640
1638	3639
1640	3638
1641	3637
1642	3636
1643	3635
1644	3634
1645	3633
1646	3632
1647	3631
1648	3630
1649	3629
1650	3628
1652	3627
1653	3626
1654	3625
1655	3624
1656	3623
1657	3622
1658	3621
1659	3620
1661	3619
1662	3618
1663	3617
1664	3616
1666	3615
1667	3614
1668	3613
1669	3612
1670	3611
1671	3610
1672	3609
1673	3608
1674	3607
1676	3606
1677	3605
1678	3604
1679	3603
1681	3602
1682	3601
1683	3600
1684	3599
1685	3598
1686	3597
1687	3596
1688	3595
1689	3594
1690	3593
1692	3592
1693	3591
1696	3590
1697	3589
1698	3588
1699	3587
1700	3586
1701	3585
1704	3584
1705	3583
1706	3582
1707	3581
1708	3580
1709	3579
1710	3578
1712	3577
1713	3576
1714	3575
1716	3574
1717	3573
1718	3572
1719	3571
1720	3570
1721	3569
1722	3568
1723	3567
1725	3566
1726	3565
1729	3564
1731	3563
1732	3562
1733	3561
1734	3560
1735	3559
1736	3558
1737	3557
1740	3556
1741	3555
1742	3554
1743	3553
1744	3552
1745	3551
1746	3550
1747	3549
1749	3548
1750	3547
1751	3546
1752	3545
1754	3544
1755	3543
1756	3542
1757	3541
1758	3540
1759	3539
1760	3538
1761	3537
1762	3536
1763	3535
1764	3534
1765	3533
1766	3532
1769	3531
1770	3530
1771	3529
1772	3528
1773	3527
1774	3526
1775	3525
1776	3524
1777	3523
1779	3522
1782	3521
1783	3520
1784	3519
1785	3518
1786	3517
1787	3516
1788	3515
1789	3514
1790	3513
1791	3512
1792	3511
1793	3510
1795	3509
1796	3508
1797	3507
1798	3506
1799	3505
1800	3504
1801	3503
1802	3502
1804	3501
1805	3500
1806	3499
1807	3498
1808	3497
1809	3496
1810	3495
1811	3494
1812	3493
1813	3492
1814	3491
1815	3490
1816	3489
1817	3488
1818	3487
1820	3486
1821	3485
1822	3484
1823	3483
1825	3482
1826	3481
1827	3480
1828	3479
1829	3478
1830	3477
1831	3476
1832	3475
1833	3474
1835	3473
1836	3472
1837	3471
1838	3470
1839	3469
1840	3468
1841	3467
1842	3466
1844	3465
1845	3464
1846	3463
1847	3462
1848	3461
1849	3460
1850	3459
1851	3458
1852	3457
1853	3456
1854	3455
1855	3454
1856	3453
1857	3452
1858	3451
1860	3450
1863	3449
1865	3448
1866	3447
1867	3446
1868	3445
1869	3444
1872	3443
1874	3442
1875	3441
1876	3440
1877	3439
1878	3438
1880	3437
1883	3436
1884	3435
1885	3434
1888	3433
1889	3432
1890	3431
1891	3430
1892	3429
1893	3428
1894	3427
1895	3426
1896	3425
1897	3424
1898	3423
1899	3422
1900	3421
1901	3420
1902	3419
1903	3418
1904	3417
1905	3416
1906	3415
1907	3414
1908	3413
1909	3412
1910	3411
1911	3410
1912	3409
1913	3408
1914	3407
1915	3406
1916	3405
1917	3404
1918	3403
1919	3402
1920	3401
1921	3400
1922	3399
1923	3398
1924	3397
1925	3396
1928	3395
1930	3394
1931	3393
1932	3392
1933	3391
1934	3390
1935	3389
1937	3388
1938	3387
1939	3386
1940	3385
1941	3384
1942	3383
1944	3382
1945	3381
1948	3380
1949	3379
1950	3378
1952	3377
1953	3376
1954	3375
1955	3374
1956	3373
1957	3372
1958	3371
1959	3370
1960	3369
1961	3368
1962	3367
1963	3366
1964	3365
1966	3364
1968	3363
1969	3362
1970	3361
1971	3360
1973	3359
1974	3358
1975	3357
1976	3356
1977	3355
1978	3354
1979	3353
1980	3352
1983	3351
1984	3350
1985	3349
1986	3348
1988	3347
1989	3346
1990	3345
1991	3344
1992	3343
1993	3342
1994	3341
1995	3340
1996	3339
1997	3338
1998	3337
1999	3336
2000	3335
2001	3334
2002	3333
2003	3332
2004	3331
2005	3330
2006	3329
2007	3328
2008	3327
2009	3326
2010	3325
2011	3324
2012	3323
2013	3322
2014	3321
2015	3320
2016	3319
2017	3318
2018	3317
2019	3316
2020	3315
2021	3314
2022	3313
2023	3312
2024	3311
2025	3310
2027	3309
2028	3308
2029	3307
2030	3306
2031	3305
2032	3304
2033	3303
2035	3302
2036	3301
2037	3300
2038	3299
2041	3298
2042	3297
2043	3296
2044	3295
2045	3294
2046	3293
2047	3292
2048	3291
2049	3290
2050	3289
2052	3288
2053	3287
2055	3286
2056	3285
2057	3284
2058	3283
2059	3282
2060	3281
2061	3280
2062	3279
2063	3278
2064	3277
2065	3276
2066	3275
2067	3274
2068	3273
2069	3272
2070	3271
2071	3270
2072	3269
2073	3268
2076	3267
2077	3266
2079	3265
2081	3264
2082	3263
2083	3262
2084	3261
2085	3260
2087	3259
2088	3258
2089	3257
2091	3256
2092	3255
2093	3254
2096	3253
2097	3252
2099	3251
2100	3250
2101	3249
2102	3248
2103	3247
2104	3246
2107	3245
2108	3244
2109	3243
2110	3242
2111	3241
2112	3240
2113	3239
2115	3238
2116	3237
2117	3236
2118	3235
2119	3234
2120	3233
2121	3232
2123	3231
2124	3230
2125	3229
2126	3228
2127	3227
2129	3226
2131	3225
2132	3224
2133	3223
2134	3222
2135	3221
2136	3220
2139	3219
2140	3218
2141	3217
2142	3216
2143	3215
2145	3214
2146	3213
2147	3212
2148	3211
2149	3210
2150	3209
2151	3208
2153	3207
2154	3206
2157	3205
2158	3204
2159	3203
2160	3202
2161	3201
2162	3200
2163	3199
2164	3198
2165	3197
2166	3196
2167	3195
2168	3194
2169	3193
2171	3192
2172	3191
2173	3190
2177	3189
2178	3188
2179	3187
2181	3186
2182	3185
2183	3184
2184	3183
2186	3182
2187	3181
2189	3180
2190	3179
2191	3178
2192	3177
2193	3176
2194	3175
2195	3174
2196	3173
2197	3172
2198	3171
2199	3170
2200	3169
2201	3168
2202	3167
2203	3166
2204	3165
2205	3164
2206	3163
2207	3162
2208	3161
2209	3160
2211	3159
2212	3158
2213	3157
2214	3156
2215	3155
2217	3154
2218	3153
2220	3152
2221	3151
2222	3150
2223	3149
2224	3148
2225	3147
2226	3146
2227	3145
2228	3144
2229	3143
2230	3142
2231	3141
2232	3140
2233	3139
2234	3138
2235	3137
2236	3136
2238	3135
2239	3134
2240	3133
2241	3132
2242	3131
2243	3130
2244	3129
2245	3128
2248	3127
2250	3126
2251	3125
2252	3124
2253	3123
2254	3122
2255	3121
2258	3120
2259	3119
2260	3118
2261	3117
2262	3116
2263	3115
2264	3114
2265	3113
2266	3112
2268	3111
2269	3110
2270	3109
2271	3108
2273	3107
2274	3106
2275	3105
2276	3104
2277	3103
2278	3102
2280	3101
2281	3100
2283	3099
2284	3098
2285	3097
2286	3096
2287	3095
2288	3094
2289	3093
2290	3092
2291	3091
2292	3090
2293	3089
2294	3088
2295	3087
2296	3086
2297	3085
2298	3084
2300	3083
2301	3082
2302	3081
2304	3080
2305	3079
2307	3078
2309	3077
2310	3076
2312	3075
2313	3074
2314	3073
2315	3072
2318	3071
2319	3070
2320	3069
2321	3068
2322	3067
2324	3066
2325	3065
2327	3064
2328	3063
2329	3062
2332	3061
2334	3060
2335	3059
2336	3058
2337	3057
2338	3056
2340	3055
2341	3054
2344	3053
2345	3052
2346	3051
2347	3050
2349	3049
2350	3048
2351	3047
2353	3046
2354	3045
2356	3044
2358	3043
2359	3042
2360	3041
2361	3040
2362	3039
2363	3038
2364	3037
2365	3036
2367	3035
2368	3034
2369	3033
2370	3032
2371	3031
2373	3030
2375	3029
2377	3028
2378	3027
2380	3026
2381	3025
2382	3024
2384	3023
2386	3022
2387	3021
2388	3020
2389	3019
2390	3018
2391	3017
2392	3016
2393	3015
2394	3014
2395	3013
2396	3012
2398	3011
2399	3010
2400	3009
2401	3008
2402	3007
2403	3006
2405	3005
2406	3004
2407	3003
2408	3002
2409	3001
2410	3000
2411	2999
2413	2998
2414	2997
2415	2996
2416	2995
2417	2994
2418	2993
2419	2992
2421	2991
2422	2990
2423	2989
2425	2988
2426	2987
2427	2986
2428	2985
2430	2984
2431	2983
2432	2982
2433	2981
2434	2980
2435	2979
2436	2978
2437	2977
2438	2976
2439	2975
2440	2974
2441	2973
2442	2972
2443	2971
2444	2970
2445	2969
2446	2968
2447	2967
2448	2966
2449	2965
2450	2964
2452	2963
2455	2962
2456	2961
2457	2960
2459	2959
2460	2958
2461	2957
2462	2956
2463	2955
2464	2954
2465	2953
2467	2952
2468	2951
2469	2950
2470	2949
2472	2948
2473	2947
2474	2946
2475	2945
2477	2944
2478	2943
2479	2942
2480	2941
2481	2940
2482	2939
2483	2938
2484	2937
2486	2936
2487	2935
2488	2934
2489	2933
2490	2932
2492	2931
2493	2930
2494	2929
2495	2928
2496	2927
2497	2926
2498	2925
2499	2924
2500	2923
2502	2922
2503	2921
2504	2920
2505	2919
2506	2918
2507	2917
2508	2916
2509	2915
2510	2914
2512	2913
2513	2912
2515	2911
2516	2910
2517	2909
2518	2908
2519	2907
2520	2906
2521	2905
2522	2904
2524	2903
2526	2902
2527	2901
2528	2900
2529	2899
2531	2898
2533	2897
2534	2896
2535	2895
2536	2894
2537	2893
2538	2892
2540	2891
2541	2890
2542	2889
2543	2888
2544	2887
2546	2886
2548	2885
2549	2884
2550	2883
2551	2882
2552	2881
2553	2880
2554	2879
2556	2878
2557	2877
2558	2876
2559	2875
2560	2874
2561	2873
2562	2872
2563	2871
2565	2870
2566	2869
2567	2868
2568	2867
2570	2866
2571	2865
2572	2864
2573	2863
2576	2862
2577	2861
2578	2860
2579	2859
2580	2858
2581	2857
2582	2856
2583	2855
2584	2854
2585	2853
2586	2852
2587	2851
2588	2850
2589	2849
2590	2848
2591	2847
2592	2846
2593	2845
2594	2844
2595	2843
2596	2842
2597	2841
2598	2840
2599	2839
2600	2838
2601	2837
2602	2836
2603	2835
2604	2834
2605	2833
2607	2832
2608	2831
2611	2830
2612	2829
2613	2828
2614	2827
2615	2826
2616	2825
2617	2824
2618	2823
2619	2822
2620	2821
2621	2820
2622	2819
2623	2818
2624	2817
2625	2816
2626	2815
2627	2814
2628	2813
2629	2812
2630	2811
2631	2810
2632	2809
2633	2808
2634	2807
2635	2806
2636	2805
2637	2804
2638	2803
2639	2802
2643	2801
2644	2800
2645	2799
2646	2798
2647	2797
2648	2796
2649	2795
2651	2794
2652	2793
2653	2792
2654	2791
2655	2790
2656	2789
2657	2788
2658	2787
2659	2786
2660	2785
2661	2784
2662	2783
2663	2782
2664	2781
2665	2780
2666	2779
2667	2778
2668	2777
2669	2776
2671	2775
2672	2774
2673	2773
2675	2772
2677	2771
2678	2770
2679	2769
2680	2768
2684	2767
2685	2766
2686	2765
2687	2764
2689	2763
2690	2762
2691	2761
2692	2760
2693	2759
2694	2758
2695	2757
2696	2756
2700	2755
2703	2754
2704	2753
2705	2752
2707	2751
2708	2750
2710	2749
2711	2748
2713	2747
2714	2746
2715	2745
2716	2744
2717	2743
2718	2742
2719	2741
2722	2740
2723	2739
2725	2738
2726	2737
2727	2736
2728	2735
2729	2734
2730	2733
2731	2732
2732	2731
2733	2730
2734	2729
2735	2728
2737	2727
2739	2726
2740	2725
2741	2724
2742	2723
2743	2722
2746	2721
2747	2720
2749	2719
2750	2718
2751	2717
2753	2716
2754	2715
2755	2714
2756	2713
2757	2712
2758	2711
2759	2710
2760	2709
2761	2708
2762	2707
2763	2706
2765	2705
2766	2704
2768	2703
2769	2702
2770	2701
2772	2700
2774	2699
2775	2698
2776	2697
2777	2696
2780	2695
2783	2694
2784	2693
2785	2692
2787	2691
2788	2690
2789	2689
2791	2688
2792	2687
2793	2686
2794	2685
2797	2684
2798	2683
2800	2682
2801	2681
2803	2680
2804	2679
2806	2678
2807	2677
2808	2676
2809	2675
2810	2674
2811	2673
2812	2672
2814	2671
2815	2670
2816	2669
2817	2668
2818	2667
2819	2666
2820	2665
2821	2664
2822	2663
2823	2662
2824	2661
2827	2660
2828	2659
2830	2658
2831	2657
2833	2656
2834	2655
2835	2654
2836	2653
2840	2652
2841	2651
2843	2650
2844	2649
2845	2648
2846	2647
2847	2646
2848	2645
2849	2644
2850	2643
2851	2642
2852	2641
2854	2640
2855	2639
2856	2638
2857	2637
2859	2636
2861	2635
2862	2634
2863	2633
2865	2632
2866	2631
2868	2630
2869	2629
2871	2628
2872	2627
2874	2626
2875	2625
2876	2624
2877	2623
2878	2622
2879	2621
2880	2620
2882	2619
2883	2618
2884	2617
2885	2616
2886	2615
2887	2614
2888	2613
2889	2612
2890	2611
2892	2610
2893	2609
2895	2608
2896	2607
2897	2606
2899	2605
2901	2604
2902	2603
2904	2602
2905	2601
2907	2600
2910	2599
2911	2598
2912	2597
2913	2596
2914	2595
2915	2594
2916	2593
2917	2592
2918	2591
2919	2590
2920	2589
2921	2588
2922	2587
2923	2586
2924	2585
2925	2584
2927	2583
2928	2582
2929	2581
2930	2580
2933	2579
2934	2578
2935	2577
2936	2576
2938	2575
2939	2574
2940	2573
2941	2572
2942	2571
2943	2570
2944	2569
2946	2568
2947	2567
2949	2566
2950	2565
2952	2564
2953	2563
2954	2562
2955	2561
2956	2560
2957	2559
2958	2558
2959	2557
2960	2556
2961	2555
2962	2554
2963	2553
2964	2552
2965	2551
2966	2550
2967	2549
2969	2548
2970	2547
2971	2546
2972	2545
2973	2544
2974	2543
2975	2542
2976	2541
2977	2540
2978	2539
2979	2538
2980	2537
2981	2536
2982	2535
2983	2534
2984	2533
2985	2532
2986	2531
2987	2530
2988	2529
2989	2528
2991	2527
2993	2526
2994	2525
2995	2524
2996	2523
2997	2522
3000	2521
3001	2520
3002	2519
3003	2518
3004	2517
3006	2516
3007	2515
3008	2514
3009	2513
3010	2512
3012	2511
3013	2510
3014	2509
3015	2508
3016	2507
3017	2506
3018	2505
3019	2504
3021	2503
3022	2502
3023	2501
3024	2500
3025	2499
3027	2498
3029	2497
3030	2496
3031	2495
3032	2494
3033	2493
3034	2492
3036	2491
3038	2490
3041	2489
3042	2488
3043	2487
3044	2486
3045	2485
3047	2484
3048	2483
3049	2482
3050	2481
3051	2480
3053	2479
3054	2478
3055	2477
3056	2476
3057	2475
3059	2474
3060	2473
3061	2472
3062	2471
3063	2470
3064	2469
3065	2468
3066	2467
3067	2466
3068	2465
3069	2464
3070	2463
3071	2462
3072	2461
3073	2460
3074	2459
3075	2458
3076	2457
3077	2456
3078	2455
3079	2454
3081	2453
3083	2452
3084	2451
3085	2450
3086	2449
3087	2448
3088	2447
3089	2446
3090	2445
3091	2444
3093	2443
3094	2442
3095	2441
3096	2440
3097	2439
3101	2438
3102	2437
3104	2436
3105	2435
3106	2434
3107	2433
3108	2432
3109	2431
3110	2430
3112	2429
3114	2428
3115	2427
3116	2426
3118	2425
3119	2424
3120	2423
3121	2422
3122	2421
3123	2420
3124	2419
3126	2418
3128	2417
3130	2416
3131	2415
3133	2414
3134	2413
3135	2412
3137	2411
3139	2410
3140	2409
3141	2408
3144	2407
3145	2406
3146	2405
3147	2404
3148	2403
3149	2402
3150	2401
3152	2400
3153	2399
3155	2398
3156	2397
3157	2396
3158	2395
3159	2394
3160	2393
3161	2392
3162	2391
3163	2390
3164	2389
3165	2388
3169	2387
3170	2386
3172	2385
3173	2384
3175	2383
3177	2382
3178	2381
3179	2380
3180	2379
3181	2378
3182	2377
3184	2376
3185	2375
3187	2374
3188	2373
3189	2372
3190	2371
3191	2370
3192	2369
3193	2368
3194	2367
3195	2366
3196	2365
3197	2364
3198	2363
3199	2362
3200	2361
3201	2360
3202	2359
3204	2358
3205	2357
3206	2356
3207	2355
3208	2354
3210	2353
3211	2352
3212	2351
3215	2350
3216	2349
3217	2348
3218	2347
3219	2346
3220	2345
3221	2344
3222	2343
3223	2342
3224	2341
3225	2340
3226	2339
3227	2338
3228	2337
3229	2336
3231	2335
3233	2334
3234	2333
3235	2332
3236	2331
3237	2330
3238	2329
3239	2328
3241	2327
3242	2326
3244	2325
3245	2324
3247	2323
3248	2322
3249	2321
3252	2320
3255	2319
3256	2318
3257	2317
3259	2316
3260	2315
3261	2314
3262	2313
3263	2312
3264	2311
3265	2310
3266	2309
3267	2308
3268	2307
3269	2306
3270	2305
3271	2304
3272	2303
3274	2302
3275	2301
3276	2300
3277	2299
3279	2298
3280	2297
3281	2296
3282	2295
3283	2294
3286	2293
3288	2292
3289	2291
3290	2290
3291	2289
3292	2288
3293	2287
3294	2286
3295	2285
3296	2284
3297	2283
3299	2282
3300	2281
3301	2280
3302	2279
3303	2278
3304	2277
3306	2276
3307	2275
3308	2274
3309	2273
3310	2272
3311	2271
3312	2270
3314	2269
3315	2268
3316	2267
3317	2266
3318	2265
3319	2264
3320	2263
3321	2262
3323	2261
3324	2260
3325	2259
3327	2258
3328	2257
3329	2256
3330	2255
3331	2254
3332	2253
3333	2252
3334	2251
3335	2250
3336	2249
3338	2248
3339	2247
3340	2246
3341	2245
3342	2244
3343	2243
3345	2242
3346	2241
3347	2240
3348	2239
3349	2238
3350	2237
3351	2236
3353	2235
3354	2234
3355	2233
3356	2232
3357	2231
3358	2230
3359	2229
3361	2228
3362	2227
3363	2226
3364	2225
3365	2224
3366	2223
3367	2222
3368	2221
3369	2220
3371	2219
3372	2218
3373	2217
3377	2216
3379	2215
3380	2214
3382	2213
3383	2212
3384	2211
3385	2210
3386	2209
3387	2208
3388	2207
3389	2206
3390	2205
3391	2204
3393	2203
3394	2202
3397	2201
3398	2200
3399	2199
3400	2198
3401	2197
3402	2196
3403	2195
3405	2194
3406	2193
3407	2192
3408	2191
3409	2190
3410	2189
3411	2188
3412	2187
3413	2186
3414	2185
3415	2184
3416	2183
3417	2182
3418	2181
3419	2180
3421	2179
3422	2178
3424	2177
3426	2176
3427	2175
3428	2174
3429	2173
3430	2172
3431	2171
3432	2170
3433	2169
3434	2168
3435	2167
3436	2166
3437	2165
3438	2164
3439	2163
3440	2162
3442	2161
3443	2160
3444	2159
3445	2158
3446	2157
3447	2156
3448	2155
3450	2154
3452	2153
3453	2152
3454	2151
3455	2150
3456	2149
3457	2148
3458	2147
3459	2146
3460	2145
3461	2144
3462	2143
3463	2142
3464	2141
3468	2140
3469	2139
3470	2138
3471	2137
3472	2136
3473	2135
3474	2134
3475	2133
3476	2132
3478	2131
3480	2130
3481	2129
3482	2128
3483	2127
3484	2126
3485	2125
3486	2124
3487	2123
3488	2122
3489	2121
3490	2120
3491	2119
3492	2118
3493	2117
3494	2116
3495	2115
3496	2114
3497	2113
3498	2112
3500	2111
3501	2110
3502	2109
3503	2108
3505	2107
3506	2106
3507	2105
3509	2104
3511	2103
3512	2102
3514	2101
3515	2100
3516	2099
3517	2098
3519	2097
3522	2096
3523	2095
3524	2094
3525	2093
3526	2092
3527	2091
3528	2090
3529	2089
3530	2088
3531	2087
3532	2086
3533	2085
3534	2084
3535	2083
3536	2082
3537	2081
3538	2080
3539	2079
3540	2078
3542	2077
3543	2076
3544	2075
3546	2074
3547	2073
3548	2072
3549	2071
3550	2070
3551	2069
3552	2068
3553	2067
3554	2066
3555	2065
3556	2064
3557	2063
3558	2062
3559	2061
3560	2060
3561	2059
3562	2058
3564	2057
3565	2056
3566	2055
3568	2054
3570	2053
3571	2052
3572	2051
3574	2050
3575	2049
3576	2048
3577	2047
3578	2046
3579	2045
3581	2044
3582	2043
3583	2042
3584	2041
3585	2040
3586	2039
3588	2038
3589	2037
3590	2036
3591	2035
3592	2034
3594	2033
3595	2032
3596	2031
3597	2030
3598	2029
3599	2028
3600	2027
3601	2026
3602	2025
3603	2024
3604	2023
3605	2022
3607	2021
3608	2020
3609	2019
3610	2018
3611	2017
3612	2016
3613	2015
3614	2014
3615	2013
3616	2012
3617	2011
3618	2010
3620	2009
3623	2008
3624	2007
3625	2006
3626	2005
3627	2004
3628	2003
3629	2002
3630	2001
3631	2000
3632	1999
3633	1998
3634	1997
3635	1996
3636	1995
3638	1994
3639	1993
3640	1992
3641	1991
3642	1990
3644	1989
3645	1988
3646	1987
3647	1986
3648	1985
3649	1984
3651	1983
3652	1982
3653	1981
3654	1980
3655	1979
3656	1978
3657	1977
3658	1976
3659	1975
3660	1974
3662	1973
3663	1972
3664	1971
3666	1970
3669	1969
3670	1968
3671	1967
3672	1966
3673	1965
3674	1964
3675	1963
3676	1962
3677	1961
3678	1960
3679	1959
3680	1958
3681	1957
3682	1956
3683	1955
3684	1954
3686	1953
3687	1952
3688	1951
3689	1950
3691	1949
3692	1948
3693	1947
3694	1946
3696	1945
3697	1944
3698	1943
3700	1942
3701	1941
3702	1940
3703	1939
3704	1938
3705	1937
3707	1936
3708	1935
3709	1934
3710	1933
3711	1932
3712	1931
3713	1930
3714	1929
3721	1928
3722	1927
3723	1926
3724	1925
3726	1924
3727	1923
3728	1922
3729	1921
3731	1920
3732	1919
3733	1918
3734	1917
3735	1916
3736	1915
3738	1914
3739	1913
3740	1912
3741	1911
3742	1910
3743	1909
3744	1908
3745	1907
3747	1906
3748	1905
3749	1904
3750	1903
3751	1902
3752	1901
3753	1900
3754	1899
3755	1898
3756	1897
3757	1896
3758	1895
3759	1894
3760	1893
3761	1892
3762	1891
3763	1890
3764	1889
3765	1888
3766	1887
3767	1886
3769	1885
3770	1884
3771	1883
3772	1882
3773	1881
3774	1880
3776	1879
3778	1878
3779	1877
3781	1876
3782	1875
3783	1874
3785	1873
3786	1872
3789	1871
3790	1870
3791	1869
3792	1868
3793	1867
3795	1866
3796	1865
3798	1864
3799	1863
3800	1862
3801	1861
3803	1860
3804	1859
3805	1858
3806	1857
3807	1856
3808	1855
3809	1854
3810	1853
3811	1852
3812	1851
3813	1850
3814	1849
3815	1848
3816	1847
3817	1846
3818	1845
3820	1844
3821	1843
3822	1842
3824	1841
3825	1840
3826	1839
3827	1838
3828	1837
3829	1836
3830	1835
3831	1834
3832	1833
3833	1832
3834	1831
3835	1830
3836	1829
3837	1828
3839	1827
3840	1826
3841	1825
3842	1824
3843	1823
3844	1822
3845	1821
3846	1820
3847	1819
3848	1818
3849	1817
3850	1816
3851	1815
3853	1814
3854	1813
3856	1812
3857	1811
3858	1810
3859	1809
3861	1808
3863	1807
3864	1806
3866	1805
3868	1804
3869	1803
3870	1802
3871	1801
3872	1800
3873	1799
3874	1798
3875	1797
3876	1796
3877	1795
3878	1794
3879	1793
3880	1792
3881	1791
3882	1790
3883	1789
3884	1788
3885	1787
3886	1786
3887	1785
3888	1784
3889	1783
3890	1782
3891	1781
3893	1780
3894	1779
3896	1778
3897	1777
3898	1776
3899	1775
3900	1774
3901	1773
3902	1772
3903	1771
3904	1770
3905	1769
3906	1768
3907	1767
3908	1766
3909	1765
3910	1764
3911	1763
3912	1762
3914	1761
3915	1760
3916	1759
3918	1758
3919	1757
3920	1756
3921	1755
3922	1754
3923	1753
3925	1752
3927	1751
3928	1750
3929	1749
3930	1748
3931	1747
3933	1746
3935	1745
3936	1744
3937	1743
3938	1742
3939	1741
3941	1740
3942	1739
3943	1738
3944	1737
3945	1736
3946	1735
3948	1734
3949	1733
3950	1732
3952	1731
3953	1730
3954	1729
3955	1728
3956	1727
3957	1726
3958	1725
3959	1724
3960	1723
3961	1722
3962	1721
3963	1720
3964	1719
3965	1718
3966	1717
3967	1716
3969	1715
3970	1714
3971	1713
3972	1712
3973	1711
3974	1710
3975	1709
3976	1708
3977	1707
3978	1706
3979	1705
3981	1704
3982	1703
3983	1702
3985	1701
3986	1700
3987	1699
3988	1698
3989	1697
3990	1696
3991	1695
3992	1694
3993	1693
3994	1692
3995	1691
3996	1690
3997	1689
3998	1688
3999	1687
4000	1686
4001	1685
4002	1684
4003	1683
4004	1682
4005	1681
4006	1680
4007	1679
4008	1678
4009	1677
4010	1676
4011	1675
4012	1674
4013	1673
4014	1672
4015	1671
4017	1670
4018	1669
4019	1668
4020	1667
4021	1666
4023	1665
4024	1664
4025	1663
4027	1662
4028	1661
4029	1660
4030	1659
4031	1658
4032	1657
4033	1656
4034	1655
4036	1654
4037	1653
4038	1652
4039	1651
4042	1650
4043	1649
4046	1648
4047	1647
4048	1646
4049	1645
4050	1644
4051	1643
4052	1642
4053	1641
4054	1640
4055	1639
4056	1638
4057	1637
4058	1636
4059	1635
4060	1634
4061	1633
4062	1632
4063	1631
4064	1630
4066	1629
4067	1628
4069	1627
4070	1626
4071	1625
4072	1624
4073	1623
4074	1622
4075	1621
4076	1620
4077	1619
4080	1618
4081	1617
4083	1616
4084	1615
4085	1614
4086	1613
4087	1612
4088	1611
4089	1610
4090	1609
4091	1608
4093	1607
4094	1606
4095	1605
4097	1604
4098	1603
4099	1602
4100	1601
4101	1600
4102	1599
4104	1598
4105	1597
4106	1596
4108	1595
4109	1594
4110	1593
4111	1592
4112	1591
4113	1590
4114	1589
4115	1588
4116	1587
4117	1586
4118	1585
4119	1584
4120	1583
4123	1582
4124	1581
4125	1580
4126	1579
4127	1578
4128	1577
4129	1576
4130	1575
4131	1574
4132	1573
4133	1572
4134	1571
4135	1570
4136	1569
4137	1568
4138	1567
4139	1566
4140	1565
4142	1564
4143	1563
4144	1562
4145	1561
4146	1560
4147	1559
4148	1558
4150	1557
4151	1556
4152	1555
4153	1554
4155	1553
4156	1552
4157	1551
4158	1550
4159	1549
4160	1548
4161	1547
4162	1546
4164	1545
4165	1544
4166	1543
4168	1542
4169	1541
4170	1540
4171	1539
4172	1538
4174	1537
4175	1536
4176	1535
4177	1534
4178	1533
4180	1532
4181	1531
4182	1530
4183	1529
4184	1528
4185	1527
4186	1526
4187	1525
4188	1524
4189	1523
4191	1522
4192	1521
4193	1520
4195	1519
4196	1518
4197	1517
4198	1516
4200	1515
4201	1514
4202	1513
4203	1512
4204	1511
4205	1510
4206	1509
4208	1508
4209	1507
4210	1506
4212	1505
4214	1504
4215	1503
4217	1502
4218	1501
4219	1500
4220	1499
4221	1498
4222	1497
4223	1496
4224	1495
4226	1494
4227	1493
4228	1492
4229	1491
4230	1490
4231	1489
4232	1488
4233	1487
4234	1486
4235	1485
4236	1484
4237	1483
4238	1482
4239	1481
4240	1480
4241	1479
4242	1478
4243	1477
4244	1476
4245	1475
4246	1474
4249	1473
4250	1472
4251	1471
4252	1470
4253	1469
4254	1468
4255	1467
4258	1466
4259	1465
4260	1464
4261	1463
4262	1462
4264	1461
4268	1460
4269	1459
4272	1458
4274	1457
4275	1456
4276	1455
4277	1454
4278	1453
4279	1452
4280	1451
4281	1450
4282	1449
4283	1448
4284	1447
4285	1446
4287	1445
4289	1444
4291	1443
4292	1442
4293	1441
4294	1440
4295	1439
4297	1438
4298	1437
4299	1436
4300	1435
4301	1434
4302	1433
4303	1432
4304	1431
4305	1430
4307	1429
4308	1428
4309	1427
4310	1426
4311	1425
4312	1424
4313	1423
4315	1422
4316	1421
4317	1420
4318	1419
4320	1418
4321	1417
4322	1416
4323	1415
4324	1414
4325	1413
4326	1412
4327	1411
4328	1410
4329	1409
4330	1408
4331	1407
4332	1406
4333	1405
4335	1404
4336	1403
4339	1402
4340	1401
4341	1400
4342	1399
4343	1398
4344	1397
4345	1396
4347	1395
4348	1394
4349	1393
4350	1392
4351	1391
4352	1390
4354	1389
4356	1388
4357	1387
4358	1386
4359	1385
4361	1384
4362	1383
4363	1382
4364	1381
4365	1380
4367	1379
4368	1378
4369	1377
4370	1376
4371	1375
4372	1374
4373	1373
4374	1372
4375	1371
4376	1370
4378	1369
4379	1368
4380	1367
4381	1366
4382	1365
4383	1364
4384	1363
4386	1362
4387	1361
4388	1360
4389	1359
4390	1358
4391	1357
4392	1356
4393	1355
4394	1354
4395	1353
4397	1352
4398	1351
4399	1350
4400	1349
4401	1348
4402	1347
4403	1346
4405	1345
4406	1344
4409	1343
4410	1342
4411	1341
4412	1340
4413	1339
4414	1338
4416	1337
4417	1336
4418	1335
4419	1334
4420	1333
4421	1332
4423	1331
4424	1330
4425	1329
4426	1328
4427	1327
4428	1326
4429	1325
4430	1324
4431	1323
4433	1322
4434	1321
4435	1320
4436	1319
4437	1318
4438	1317
4439	1316
4440	1315
4442	1314
4443	1313
4447	1312
4448	1311
4449	1310
4450	1309
4451	1308
4452	1307
4453	1306
4454	1305
4456	1304
4457	1303
4458	1302
4459	1301
4460	1300
4462	1299
4464	1298
4465	1297
4467	1296
4468	1295
4469	1294
4471	1293
4472	1292
4473	1291
4475	1290
4476	1289
4477	1288
4479	1287
4480	1286
4481	1285
4482	1284
4483	1283
4484	1282
4485	1281
4486	1280
4487	1279
4489	1278
4490	1277
4491	1276
4492	1275
4493	1274
4494	1273
4495	1272
4496	1271
4497	1270
4498	1269
4499	1268
4500	1267
4501	1266
4502	1265
4503	1264
4504	1263
4507	1262
4508	1261
4509	1260
4510	1259
4511	1258
4512	1257
4513	1256
4514	1255
4515	1254
4516	1253
4517	1252
4518	1251
4521	1250
4522	1249
4523	1248
4524	1247
4525	1246
4529	1245
4530	1244
4531	1243
4532	1242
4533	1241
4534	1240
4536	1239
4538	1238
4539	1237
4541	1236
4542	1235
4543	1234
4544	1233
4545	1232
4547	1231
4548	1230
4549	1229
4550	1228
4551	1227
4552	1226
4555	1225
4556	1224
4557	1223
4558	1222
4560	1221
4561	1220
4562	1219
4564	1218
4565	1217
4567	1216
4568	1215
4569	1214
4570	1213
4572	1212
4574	1211
4575	1210
4576	1209
4580	1208
4582	1207
4583	1206
4584	1205
4585	1204
4586	1203
4587	1202
4588	1201
4589	1200
4590	1199
4591	1198
4592	1197
4593	1196
4594	1195
4595	1194
4596	1193
4597	1192
4598	1191
4599	1190
4600	1189
4601	1188
4602	1187
4604	1186
4605	1185
4606	1184
4607	1183
4608	1182
4609	1181
4610	1180
4611	1179
4612	1178
4613	1177
4614	1176
4615	1175
4616	1174
4617	1173
4619	1172
4620	1171
4621	1170
4622	1169
4623	1168
4624	1167
4625	1166
4627	1165
4629	1164
4630	1163
4631	1162
4633	1161
4634	1160
4636	1159
4637	1158
4638	1157
4639	1156
4640	1155
4641	1154
4642	1153
4643	1152
4644	1151
4645	1150
4646	1149
4647	1148
4648	1147
4649	1146
4650	1145
4651	1144
4652	1143
4653	1142
4654	1141
4655	1140
4657	1139
4658	1138
4659	1137
4660	1136
4661	1135
4662	1134
4663	1133
4664	1132
4665	1131
4666	1130
4667	1129
4668	1128
4669	1127
4670	1126
4672	1125
4673	1124
4674	1123
4675	1122
4676	1121
4677	1120
4678	1119
4680	1118
4681	1117
4682	1116
4683	1115
4684	1114
4685	1113
4686	1112
4687	1111
4688	1110
4689	1109
4690	1108
4693	1107
4695	1106
4696	1105
4697	1104
4698	1103
4699	1102
4700	1101
4701	1100
4702	1099
4703	1098
4704	1097
4705	1096
4706	1095
4707	1094
4708	1093
4709	1092
4712	1091
4713	1090
4714	1089
4715	1088
4716	1087
4717	1086
4718	1085
4719	1084
4720	1083
4721	1082
4722	1081
4723	1080
4724	1079
4725	1078
4726	1077
4729	1076
4730	1075
4731	1074
4732	1073
4733	1072
4734	1071
4735	1070
4736	1069
4737	1068
4738	1067
4739	1066
4740	1065
4741	1064
4742	1063
4743	1062
4744	1061
4746	1060
4747	1059
4748	1058
4750	1057
4751	1056
4752	1055
4753	1054
4754	1053
4755	1052
4757	1051
4758	1050
4759	1049
4760	1048
4761	1047
4763	1046
4764	1045
4765	1044
4766	1043
4768	1042
4769	1041
4770	1040
4772	1039
4773	1038
4774	1037
4775	1036
4776	1035
4777	1034
4778	1033
4779	1032
4780	1031
4781	1030
4782	1029
4783	1028
4784	1027
4785	1026
4786	1025
4787	1024
4790	1023
4791	1022
4792	1021
4793	1020
4795	1019
4796	1018
4797	1017
4798	1016
4800	1015
4801	1014
4802	1013
4803	1012
4804	1011
4805	1010
4806	1009
4807	1008
4809	1007
4810	1006
4811	1005
4812	1004
4813	1003
4814	1002
4815	1001
4818	1000
4820	999
4821	998
4822	997
4823	996
4824	995
4825	994
4826	993
4827	992
4828	991
4830	990
4831	989
4833	988
4834	987
4837	986
4838	985
4839	984
4840	983
4841	982
4843	981
4844	980
4845	979
4847	978
4849	977
4851	976
4852	975
4853	974
4854	973
4855	972
4856	971
4857	970
4858	969
4859	968
4860	967
4861	966
4862	965
4863	964
4864	963
4865	962
4866	961
4867	960
4868	959
4869	958
4870	957
4871	956
4874	955
4875	954
4876	953
4878	952
4880	951
4881	950
4882	949
4883	948
4884	947
4885	946
4886	945
4887	944
4888	943
4889	942
4890	941
4891	940
4892	939
4895	938
4896	937
4897	936
4898	935
4899	934
4900	933
4902	932
4903	931
4904	930
4905	929
4906	928
4907	927
4908	926
4911	925
4914	924
4915	923
4916	922
4917	921
4918	920
4919	919
4920	918
4921	917
4922	916
4923	915
4924	914
4925	913
4926	912
4927	911
4928	910
4929	909
4930	908
4931	907
4932	906
4933	905
4934	904
4935	903
4936	902
4937	901
4938	900
4939	899
4940	898
4941	897
4942	896
4943	895
4944	894
4945	893
4946	892
4947	891
4950	890
4951	889
4952	888
4953	887
4956	886
4957	885
4958	884
4959	883
4960	882
4961	881
4962	880
4963	879
4964	878
4965	877
4966	876
4967	875
4968	874
4969	873
4970	872
4971	871
4972	870
4976	869
4977	868
4978	867
4979	866
4980	865
4981	864
4983	863
4985	862
4986	861
4987	860
4988	859
4990	858
4992	857
4993	856
4994	855
4996	854
4997	853
4998	852
4999	851
5000	850
5001	849
5002	848
5003	847
5004	846
5005	845
5006	844
5007	843
5008	842
5009	841
5010	840
5011	839
5012	838
5015	837
5016	836
5017	835
5018	834
5019	833
5020	832
5023	831
5024	830
5025	829
5026	828
5027	827
5028	826
5029	825
5030	824
5032	823
5034	822
5035	821
5037	820
5038	819
5039	818
5040	817
5041	816
5043	815
5044	814
5045	813
5046	812
5048	811
5049	810
5051	809
5052	808
5053	807
5054	806
5056	805
5057	804
5058	803
5059	802
5060	801
5061	800
5063	799
5064	798
5067	797
5068	796
5069	795
5070	794
5071	793
5072	792
5073	791
5074	790
5075	789
5076	788
5077	787
5078	786
5079	785
5080	784
5081	783
5082	782
5083	781
5084	780
5085	779
5086	778
5087	777
5088	776
5089	775
5090	774
5091	773
5092	772
5093	771
5095	770
5096	769
5097	768
5098	767
5099	766
5100	765
5101	764
5102	763
5103	762
5105	761
5106	760
5107	759
5108	758
5109	757
5110	756
5111	755
5113	754
5116	753
5117	752
5118	751
5119	750
5120	749
5121	748
5122	747
5123	746
5124	745
5125	744
5126	743
5128	742
5129	741
5130	740
5131	739
5132	738
5133	737
5134	736
5135	735
5136	734
5137	733
5138	732
5139	731
5140	730
5141	729
5142	728
5143	727
5144	726
5145	725
5146	724
5147	723
5148	722
5149	721
5150	720
5151	719
5152	718
5153	717
5154	716
5155	715
5156	714
5157	713
5158	712
5160	711
5162	710
5163	709
5164	708
5165	707
5166	706
5168	705
5169	704
5170	703
5171	702
5172	701
5174	700
5175	699
5176	698
5177	697
5178	696
5179	695
5180	694
5181	693
5182	692
5183	691
5185	690
5186	689
5188	688
5189	687
5190	686
5191	685
5193	684
5196	683
5198	682
5199	681
5200	680
5201	679
5202	678
5203	677
5205	676
5206	675
5207	674
5209	673
5210	672
5211	671
5212	670
5213	669
5215	668
5216	667
5218	666
5219	665
5220	664
5221	663
5222	662
5223	661
5224	660
5225	659
5226	658
5227	657
5228	656
5229	655
5231	654
5232	653
5233	652
5234	651
5235	650
5236	649
5237	648
5238	647
5239	646
5240	645
5241	644
5242	643
5243	642
5244	641
5245	640
5246	639
5247	638
5248	637
5249	636
5251	635
5252	634
5255	633
5256	632
5258	631
5259	630
5260	629
5261	628
5262	627
5263	626
5264	625
5265	624
5266	623
5268	622
5269	621
5270	620
5272	619
5275	618
5277	617
5278	616
5279	615
5280	614
5281	613
5282	612
5283	611
5284	610
5285	609
5286	608
5287	607
5289	606
5290	605
5292	604
5293	603
5294	602
5295	601
5298	600
5299	599
5300	598
5302	597
5304	596
5305	595
5306	594
5307	593
5308	592
5310	591
5311	590
5312	589
5313	588
5314	587
5315	586
5316	585
5317	584
5318	583
5319	582
5320	581
5322	580
5324	579
5325	578
5326	577
5327	576
5328	575
5330	574
5331	573
5332	572
5333	571
5334	570
5336	569
5339	568
5341	567
5343	566
5344	565
5345	564
5346	563
5347	562
5348	561
5349	560
5350	559
5351	558
5353	557
5354	556
5355	555
5356	554
5357	553
5358	552
5359	551
5360	550
5361	549
5362	548
5363	547
5364	546
5365	545
5366	544
5367	543
5368	542
5369	541
5370	540
5371	539
5372	538
5373	537
5374	536
5375	535
5376	534
5377	533
5378	532
5379	531
5380	530
5381	529
5383	528
5386	527
5387	526
5389	525
5390	524
5391	523
5392	522
5393	521
5394	520
5395	519
5396	518
5397	517
5398	516
5399	515
5400	514
5401	513
5402	512
5403	511
5404	510
5405	509
5406	508
5407	507
5408	506
5409	505
5410	504
5411	503
5412	502
5414	501
5415	500
5417	499
5419	498
5420	497
5421	496
5422	495
5423	494
5424	493
5426	492
5427	491
5428	490
5429	489
5430	488
5431	487
5432	486
5433	485
5434	484
5435	483
5436	482
5437	481
5439	480
5441	479
5442	478
5443	477
5444	476
5445	475
5446	474
5447	473
5448	472
5449	471
5450	470
5451	469
5452	468
5453	467
5454	466
5456	465
5457	464
5458	463
5459	462
5460	461
5461	460
5462	459
5463	458
5464	457
5465	456
5466	455
5467	454
5469	453
5470	452
5471	451
5473	450
5474	449
5475	448
5476	447
5477	446
5478	445
5479	444
5480	443
5481	442
5482	441
5483	440
5484	439
5485	438
5486	437
5487	436
5488	435
5489	434
5490	433
5491	432
5492	431
5493	430
5494	429
5495	428
5496	427
5497	426
5498	425
5499	424
5500	423
5501	422
5502	421
5504	420
5505	419
5506	418
5507	417
5508	416
5510	415
5511	414
5512	413
5513	412
5514	411
5515	410
5516	409
5517	408
5518	407
5519	406
5521	405
5522	404
5523	403
5524	402
5526	401
5527	400
5528	399
5529	398
5530	397
5531	396
5532	395
5533	394
5534	393
5535	392
5536	391
5537	390
5538	389
5540	388
5541	387
5542	386
5543	385
5544	384
5545	383
5546	382
5547	381
5548	380
5549	379
5550	378
5551	377
5552	376
5554	375
5555	374
5556	373
5557	372
5559	371
5560	370
5561	369
5562	368
5563	367
5564	366
5565	365
5566	364
5567	363
5569	362
5570	361
5571	360
5572	359
5573	358
5574	357
5575	356
5576	355
5577	354
5578	353
5579	352
5580	351
5581	350
5582	349
5583	348
5584	347
5585	346
5586	345
5587	344
5588	343
5589	342
5590	341
5591	340
5593	339
5594	338
5595	337
5596	336
5598	335
5599	334
5600	333
5602	332
5603	331
5604	330
5605	329
5607	328
5608	327
5609	326
5610	325
5611	324
5613	323
5614	322
5615	321
5616	320
5617	319
5618	318
5619	317
5620	316
5621	315
5622	314
5623	313
5624	312
5625	311
5626	310
5627	309
5629	308
5630	307
5631	306
5633	305
5634	304
5636	303
5637	302
5638	301
5639	300
5640	299
5641	298
5643	297
5646	296
5647	295
5648	294
5649	293
5651	292
5652	291
5653	290
5655	289
5656	288
5657	287
5658	286
5659	285
5660	284
5662	283
5663	282
5664	281
5665	280
5666	279
5667	278
5668	277
5669	276
5670	275
5671	274
5672	273
5673	272
5674	271
5675	270
5676	269
5677	268
5680	267
5682	266
5683	265
5684	264
5685	263
5686	262
5687	261
5688	260
5689	259
5690	258
5691	257
5692	256
5693	255
5695	254
5696	253
5697	252
5698	251
5699	250
5700	249
5701	248
5702	247
5703	246
5704	245
5705	244
5706	243
5707	242
5708	241
5709	240
5711	239
5713	238
5714	237
5716	236
5717	235
5718	234
5719	233
5721	232
5722	231
5723	230
5724	229
5726	228
5727	227
5728	226
5729	225
5730	224
5732	223
5733	222
5734	221
5735	220
5737	219
5738	218
5739	217
5740	216
5741	215
5742	214
5743	213
5744	212
5745	211
5746	210
5747	209
5748	208
5749	207
5750	206
5751	205
5752	204
5753	203
5754	202
5755	201
5756	200
5757	199
5758	198
5759	197
5760	196
5761	195
5762	194
5764	193
5765	192
5766	191
5767	190
5768	189
5769	188
5770	187
5771	186
5772	185
5773	184
5774	183
5775	182
5777	181
5779	180
5780	179
5781	178
5782	177
5783	176
5784	175
5785	174
5787	173
5788	172
5790	171
5792	170
5793	169
5794	168
5796	167
5797	166
5800	165
5801	164
5802	163
5804	162
5805	161
5806	160
5807	159
5808	158
5809	157
5810	156
5811	155
5813	154
5814	153
5815	152
5816	151
5817	150
5818	149
5819	148
5820	147
5821	146
5823	145
5824	144
5825	143
5826	142
5827	141
5829	140
5830	139
5833	138
5834	137
5835	136
5837	135
5838	134
5839	133
5840	132
5843	131
5845	130
5846	129
5847	128
5848	127
5849	126
5850	125
5851	124
5852	123
5853	122
5854	121
5855	120
5857	119
5858	118
5859	117
5860	116
5861	115
5862	114
5863	113
5864	112
5865	111
5866	110
5868	109
5869	108
5870	107
5871	106
5872	105
5873	104
5874	103
5876	102
5877	101
5878	100
5879	99
5880	98
5884	97
5885	96
5887	95
5888	94
5890	93
5891	92
5892	91
5894	90
5895	89
5896	88
5899	87
5900	86
5901	85
5902	84
5903	83
5905	82
5906	81
5907	80
5908	79
5909	78
5910	77
5912	76
5913	75
5914	74
5916	73
5917	72
5918	71
5919	70
5920	69
5921	68
5922	67
5923	66
5925	65
5926	64
5927	63
5929	62
5930	61
5931	60
5932	59
5933	58
5935	57
5936	56
5937	55
5938	54
5939	53
5940	52
5941	51
5942	50
5943	49
5944	48
5945	47
5947	46
5948	45
5949	44
5950	43
5953	42
5954	41
5955	40
5956	39
5957	38
5958	37
5959	36
5960	35
5961	34
5962	33
5963	32
5964	31
5965	30
5966	29
5967	28
5968	27
5969	26
5972	25
5973	24
5974	23
5975	22
5976	21
5977	20
5978	19
5979	18
5980	17
5981	16
5982	15
5983	14
5984	13
5985	12
5986	11
5987	10
5988	9
5989	8
5991	7
5992	6
5993	5
5994	4
5995	3
5996	2
5998	1
